[0m[38;2;0;0;0m                                         [38;2;9;9;9m [38;2;65;64;63m'[38;2;131;128;124ml[38;2;18;17;17m [38;2;2;2;2m [38;2;0;0;0m  [38;2;14;14;14m [38;2;0;0;0m           [0m
[0m[38;2;0;0;0m                                     [38;2;5;5;5m [38;2;35;35;35m.[38;2;76;74;72m'[38;2;138;127;115ml[38;2;171;148;119md[38;2;189;162;129mx[38;2;6;6;5m [38;2;17;17;17m [38;2;0;0;0m  [38;2;27;27;27m [38;2;156;156;156mx[38;2;46;46;46m.[38;2;2;2;2m [38;2;0;0;0m         [0m
[0m[38;2;0;0;0m                                   [38;2;9;9;9m [38;2;58;58;58m.[38;2;144;142;140mo[38;2;192;179;164mO[38;2;222;195;163m0[38;2;216;180;136mO[38;2;212;171;123mk[38;2;151;135;115mo[38;2;7;7;6m [38;2;2;2;2m [38;2;0;0;0m [38;2;5;5;5m [38;2;30;30;30m.[38;2;222;207;189mK[38;2;206;185;159mO[38;2;129;120;107mc[38;2;13;12;10m [38;2;0;0;0m        [0m
[0m[38;2;0;0;0m                                  [38;2;7;7;7m [38;2;79;79;79m,[38;2;210;208;205mK[38;2;232;212;187mX[38;2;219;185;144mO[38;2;213;174;127mO[38;2;210;169;119mk[38;2;211;170;120mk[38;2;202;165;119mk[38;2;186;165;138mx[38;2;170;152;130md[38;2;170;153;132md[38;2;179;159;136mx[38;2;207;181;149mO[38;2;212;173;124mk[38;2;210;167;117mk[38;2;214;178;134mO[38;2;183;172;159mk[38;2;63;63;63m'[38;2;7;7;7m [38;2;0;0;0m      [0m
[0m[38;2;0;0;0m                                  [38;2;6;6;6m [38;2;24;24;24m [38;2;234;223;211mN[38;2;217;181;138mO[38;2;212;173;125mk[38;2;207;163;110mk[38;2;208;166;114mk[38;2;209;166;115mk[38;2;209;166;114mk[38;2;209;166;114mk[38;2;208;164;111mk[38;2;208;165;113mk[38;2;209;167;117mk[38;2;210;168;117mk[38;2;207;162;106mk[38;2;207;162;107mk[38;2;207;163;109mk[38;2;209;168;117mk[38;2;215;196;173m0[38;2;114;113;112mc[38;2;12;12;12m [38;2;0;0;0m     [0m
[0m[38;2;0;0;0m                                 [38;2;7;7;5m [38;2;53;53;37m.[38;2;104;103;85m:[38;2;148;143;130mo[38;2;186;169;136mk[38;2;192;178;139mk[38;2;198;186;147mO[38;2;199;190;155mO[38;2;203;192;149mO[38;2;202;191;147mO[38;2;203;190;148mO[38;2;199;184;142mO[38;2;195;176;132mk[38;2;197;172;126mk[38;2;218;186;134mO[38;2;211;171;116mk[38;2;206;161;106mk[38;2;209;166;115mk[38;2;207;164;111mk[38;2;208;165;113mk[38;2;219;190;154m0[38;2;151;147;142md[38;2;12;12;12m [38;2;0;0;0m    [0m
[0m[38;2;0;0;0m                             [38;2;2;2;2m [38;2;27;26;19m [38;2;21;21;16m [38;2;148;148;121md[38;2;168;168;139mx[38;2;175;174;150mk[38;2;216;215;187mK[38;2;244;243;214mW[38;2;250;248;216mW[38;2;249;246;214mW[38;2;250;248;213mW[38;2;241;239;197mN[38;2;238;236;187mN[38;2;236;234;183mN[38;2;237;234;180mN[38;2;236;233;183mN[38;2;235;232;175mN[38;2;228;226;170mX[38;2;209;204;162m0[38;2;204;193;151m0[38;2;213;189;139mO[38;2;216;180;126mO[38;2;209;166;114mk[38;2;206;161;106mx[38;2;209;167;116mk[38;2;221;191;155m0[38;2;155;152;149md[38;2;151;146;139md[38;2;114;107;98m:[38;2;54;53;51m.[38;2;3;3;3m [0m
[0m[38;2;0;0;0m                            [38;2;31;31;31m [38;2;141;141;141m [38;2;143;142;120mo[38;2;132;131;119ml[38;2;124;124;105ml[38;2;198;197;173m0[38;2;247;246;223mW[38;2;250;248;223mW[38;2;247;243;200mW[38;2;243;239;185mN[38;2;231;228;168mX[38;2;229;225;168mX[38;2;238;235;185mN[38;2;244;241;192mN[38;2;239;237;187mN[38;2;236;234;188mN[38;2;233;232;189mN[38;2;234;232;188mN[38;2;232;230;184mX[38;2;233;231;188mN[38;2;231;230;189mX[38;2;224;220;167mX[38;2;210;194;153m0[38;2;216;182;124mO[38;2;206;162;107mk[38;2;206;161;106mk[38;2;212;174;127mO[38;2;230;211;189mK[38;2;166;156;143mx[38;2;217;181;138mO[38;2;214;188;157m0[38;2;118;114;108mc[0m
[0m[38;2;0;0;0m                        [38;2;16;16;11m [38;2;7;7;6m [38;2;0;0;0m  [38;2;3;3;3m [38;2;88;88;79m,[38;2;150;150;150m [38;2;134;133;124mo[38;2;183;183;163mO[38;2;246;243;209mW[38;2;245;240;187mN[38;2;238;231;165mX[38;2;219;211;140mK[38;2;214;203;124m0[38;2;229;222;154mX[38;2;239;237;188mN[38;2;231;229;182mX[38;2;229;228;195mX[38;2;235;230;188mN[38;2;236;228;174mX[38;2;230;221;153mX[38;2;231;223;160mX[38;2;233;225;165mX[38;2;226;219;162mX[38;2;234;228;175mX[38;2;233;228;173mX[38;2;216;214;161mK[38;2;202;183;132mO[38;2;206;162;107mk[38;2;206;160;105mx[38;2;206;163;109mk[38;2;222;192;156m0[38;2;200;195;188m0[38;2;185;151;108md[38;2;210;170;120mk[38;2;168;149;125md[0m
[0m[38;2;0;0;0m                      [38;2;4;4;3m [38;2;102;101;78m:[38;2;199;199;199m [38;2;125;124;103mc[38;2;9;9;9m [38;2;27;27;27m [38;2;25;25;20m [38;2;100;100;97m:[38;2;111;110;98m:[38;2;186;181;133mk[38;2;238;230;160mX[38;2;217;211;146mK[38;2;211;203;135m0[38;2;209;200;129m0[38;2;223;213;134mK[38;2;233;229;170mX[38;2;226;225;188mX[38;2;227;225;187mX[38;2;228;221;168mX[38;2;207;196;123mO[38;2;182;174;112mk[38;2;178;171;119mx[38;2;195;188;133mO[38;2;188;178;113mk[38;2;185;171;111mk[38;2;190;169;112mk[38;2;210;185;129mO[38;2;209;184;132mO[38;2;204;189;142mO[38;2;159;147;114md[38;2;208;165;112mk[38;2;209;167;116mk[38;2;203;156;99mx[38;2;215;179;136mO[38;2;235;223;209mX[38;2;150;128;102ml[38;2;206;161;107mk[38;2;185;158;126mx[0m
[0m[38;2;0;0;0m                      [38;2;68;68;68m [38;2;165;164;130mx[38;2;140;140;125mo[38;2;16;16;13m [38;2;147;145;123mo[38;2;149;147;123md[38;2;124;122;96mc[38;2;152;149;109md[38;2;181;176;121mk[38;2;173;168;114mx[38;2;181;175;116mk[38;2;202;192;119mO[38;2;220;212;141mK[38;2;212;206;148m0[38;2;224;218;160mK[38;2;212;204;147m0[38;2;186;176;121mk[38;2;144;137;93mo[38;2;153;138;90mo[38;2;154;143;101mo[38;2;131;123;90mc[38;2;167;152;100md[38;2;186;164;115mx[38;2;196;167;130mk[38;2;208;178;144mO[38;2;245;224;201mN[38;2;254;242;229mW[38;2;254;240;223mW[38;2;253;230;204mN[38;2;212;193;170m0[38;2;180;149;112md[38;2;193;153;105mx[38;2;203;156;98mx[38;2;207;165;113mk[38;2;235;218;197mX[38;2;157;143;127md[38;2;207;164;111mk[38;2;185;156;121mx[0m
[0m[38;2;0;0;0m                      [38;2;0;0;0m [38;2;91;91;91m [38;2;151;151;151m [38;2;6;6;5m [38;2;129;127;103mc[38;2;146;143;107mo[38;2;142;138;97ml[38;2;18;17;13m [38;2;167;160;108md[38;2;180;172;114mk[38;2;169;162;116mx[38;2;147;143;112mo[38;2;127;124;95mc[38;2;135;130;98ml[38;2;175;152;114md[38;2;177;140;95md[38;2;178;156;111mx[38;2;220;191;131m0[38;2;188;158;107mx[38;2;45;43;34m.[38;2;85;87;82m,[38;2;63;71;62m'[38;2;75;85;74m,[38;2;104;108;100m:[38;2;85;83;69m,[38;2;140;125;96ml[38;2;223;203;180mK[38;2;231;200;165mK[38;2;252;221;184mX[38;2;255;241;225mW[38;2;253;232;209mN[38;2;175;147;114md[38;2;181;141;91md[38;2;206;161;106mx[38;2;226;202;173mK[38;2;157;145;131md[38;2;213;174;128mO[38;2;62;55;47m.[0m
[0m[38;2;0;0;0m                         [38;2;24;24;24m [38;2;51;51;51m [38;2;63;63;63m [38;2;46;46;46m [38;2;40;40;40m [38;2;64;64;64m [38;2;109;109;109m [38;2;37;37;37m.[38;2;64;69;64m'[38;2;157;165;155mx[38;2;166;147;125md[38;2;251;202;144mK[38;2;192;160;114mx[38;2;249;219;157mX[38;2;242;201;149mK[38;2;38;34;26m.[38;2;17;18;17m [38;2;144;144;144mo[38;2;134;159;132md[38;2;149;170;147mx[38;2;252;252;252mM[38;2;225;226;225mX[38;2;35;36;35m.[38;2;174;150;119md[38;2;194;165;131mk[38;2;246;204;154mK[38;2;254;235;214mW[38;2;255;241;225mW[38;2;253;236;216mW[38;2;141;115;83mc[38;2;207;164;111mk[38;2;222;194;160m0[38;2;108;104;99m:[38;2;164;164;164m [38;2;26;26;26m [0m
[0m[38;2;0;0;0m                              [38;2;13;13;13m [38;2;132;120;105ml[38;2;168;156;141mx[38;2;179;166;150mk[38;2;205;196;185m0[38;2;246;232;215mN[38;2;253;237;218mW[38;2;251;232;209mN[38;2;253;228;198mN[38;2;219;193;164m0[38;2;68;66;58m'[38;2;52;48;42m.[38;2;119;123;116mc[38;2;129;163;126md[38;2;210;211;210mK[38;2;255;255;255mM[38;2;209;208;206mK[38;2;81;73;54m'[38;2;168;149;126md[38;2;225;192;153m0[38;2;175;144;108md[38;2;252;213;168mX[38;2;253;238;221mW[38;2;254;250;244mM[38;2;146;121;92ml[38;2;203;159;104mx[38;2;220;191;156m0[38;2;48;48;48m.[38;2;0;0;0m [38;2;0;0;0m [0m
[0m[38;2;0;0;0m                              [38;2;53;53;53m [38;2;166;142;114md[38;2;248;231;212mN[38;2;224;214;203mX[38;2;254;240;225mW[38;2;255;241;227mW[38;2;255;242;228mW[38;2;255;242;228mW[38;2;254;239;221mW[38;2;253;233;209mN[38;2;253;235;214mW[38;2;253;235;214mW[38;2;249;231;210mN[38;2;227;197;161m0[38;2;208;181;148mO[38;2;198;177;152mO[38;2;151;137;117mo[38;2;230;210;180mK[38;2;253;232;209mN[38;2;253;217;176mX[38;2;222;179;127mO[38;2;175;145;101md[38;2;235;193;142m0[38;2;249;218;182mX[38;2;141;115;84mc[38;2;207;162;108mk[38;2;160;140;116mo[38;2;80;80;80m [38;2;0;0;0m  [0m
[0m[38;2;0;0;0m           [38;2;21;21;21m [38;2;65;64;47m'[38;2;107;106;85m:[38;2;131;131;111ml[38;2;140;139;118mo[38;2;146;145;121mo[38;2;141;140;117mo[38;2;126;125;103ml[38;2;95;95;75m;[38;2;53;52;41m.[38;2;13;13;13m [38;2;7;7;7m [38;2;0;0;0m       [38;2;54;54;54m [38;2;127;127;127m [38;2;66;57;48m.[38;2;219;199;177mK[38;2;232;214;193mX[38;2;254;241;226mW[38;2;255;241;226mW[38;2;255;241;225mW[38;2;255;241;225mW[38;2;255;241;225mW[38;2;255;241;225mW[38;2;254;238;220mW[38;2;254;236;215mW[38;2;254;235;213mW[38;2;254;232;208mN[38;2;253;228;198mN[38;2;253;231;206mN[38;2;253;233;210mN[38;2;253;230;204mN[38;2;253;229;197mN[38;2;185;173;119mk[38;2;193;183;122mk[38;2;167;155;112md[38;2;164;134;98mo[38;2;202;164;118mk[38;2;195;159;115mx[38;2;13;13;12m [38;2;11;11;11m [38;2;0;0;0m  [0m
[0m[38;2;0;0;0m        [38;2;9;9;7m [38;2;120;120;98mc[38;2;200;199;175m0[38;2;228;227;207mX[38;2;223;222;209mX[38;2;209;209;196mK[38;2;203;203;192m0[38;2;197;197;186m0[38;2;202;201;183m0[38;2;199;199;179m0[38;2;198;197;173m0[38;2;194;193;174m0[38;2;188;188;166mO[38;2;170;169;147mx[38;2;154;153;144md[38;2;115;115;110mc[38;2;77;77;77m,[38;2;11;11;11m [38;2;0;0;0m      [38;2;38;38;38m [38;2;81;81;81m [38;2;14;12;9m [38;2;171;150;126md[38;2;253;227;198mN[38;2;254;234;211mN[38;2;254;237;217mW[38;2;254;238;221mW[38;2;254;239;223mW[38;2;254;236;215mW[38;2;254;235;214mW[38;2;254;236;215mW[38;2;254;235;213mW[38;2;254;238;220mW[38;2;254;236;217mW[38;2;254;238;220mW[38;2;253;233;210mN[38;2;206;187;153mO[38;2;160;151;90mo[38;2;151;146;97mo[38;2;154;140;88mo[38;2;201;160;110mx[38;2;175;148;115md[38;2;102;102;102m [38;2;15;15;15m [38;2;0;0;0m   [0m
[0m[38;2;0;0;0m      [38;2;24;24;17m [38;2;168;168;140mx[38;2;237;237;215mN[38;2;220;220;208mX[38;2;211;210;183mK[38;2;222;221;198mX[38;2;221;221;205mX[38;2;234;234;213mN[38;2;243;242;214mW[38;2;248;247;214mW[38;2;250;249;214mW[38;2;247;244;198mW[38;2;238;233;174mN[38;2;227;222;166mX[38;2;227;222;174mX[38;2;229;225;175mX[38;2;228;223;169mX[38;2;237;233;184mN[38;2;210;209;177mK[38;2;166;166;155mx[38;2;101;101;101m:[38;2;14;14;14m [38;2;0;0;0m     [38;2;7;7;7m [38;2;111;103;91m:[38;2;200;190;141mO[38;2;197;190;155mO[38;2;196;182;160mO[38;2;196;177;150mk[38;2;196;178;146mO[38;2;199;177;140mk[38;2;205;176;139mO[38;2;225;189;147m0[38;2;250;207;158mK[38;2;252;209;160mX[38;2;253;225;194mN[38;2;254;240;223mW[38;2;254;240;223mW[38;2;253;229;201mN[38;2;160;150;109md[38;2;182;176;113mx[38;2;115;111;75m:[38;2;138;132;85ml[38;2;130;121;97ml[38;2;62;60;58m.[38;2;18;18;18m [38;2;9;9;9m [38;2;0;0;0m   [0m
[0m[38;2;0;0;0m    [38;2;5;5;5m [38;2;113;112;86mc[38;2;239;239;209mN[38;2;218;218;207mX[38;2;215;214;188mK[38;2;218;217;175mK[38;2;224;222;200mX[38;2;242;241;215mW[38;2;252;251;231mW[38;2;254;253;247mM[38;2;250;248;224mW[38;2;242;237;194mN[38;2;239;234;183mN[38;2;223;217;162mK[38;2;214;209;159mK[38;2;218;210;154mK[38;2;222;213;148mK[38;2;225;218;158mK[38;2;222;215;158mK[38;2;205;195;130mO[38;2;195;186;119mO[38;2;217;211;153mK[38;2;220;219;199mX[38;2;166;166;166mx[38;2;34;34;34m.[38;2;0;0;0m [38;2;23;23;23m [38;2;2;2;2m [38;2;1;1;1m [38;2;101;99;79m;[38;2;205;196;130mO[38;2;210;207;159m0[38;2;229;222;156mX[38;2;251;250;223mW[38;2;251;250;225mW[38;2;253;252;236mM[38;2;245;242;189mN[38;2;202;188;152mO[38;2;232;185;132m0[38;2;252;211;164mX[38;2;253;222;187mN[38;2;254;237;217mW[38;2;255;240;224mW[38;2;254;237;217mW[38;2;238;213;183mX[38;2;166;162;113md[38;2;111;107;73m:[38;2;85;83;62m,[38;2;88;86;57m,[38;2;122;122;122m [38;2;146;146;146m [38;2;150;150;150m [38;2;104;104;104m [38;2;3;3;3m [38;2;0;0;0m  [0m
[0m[38;2;0;0;0m    [38;2;95;95;71m;[38;2;235;234;215mN[38;2;208;208;200mK[38;2;215;214;183mK[38;2;188;186;147mO[38;2;237;235;207mN[38;2;251;250;222mW[38;2;255;255;254mM[38;2;254;253;246mM[38;2;245;240;196mN[38;2;230;226;191mX[38;2;234;230;186mN[38;2;213;208;154mK[38;2;224;214;142mK[38;2;237;225;141mX[38;2;243;236;174mN[38;2;235;227;167mX[38;2;219;212;162mK[38;2;145;141;109mo[38;2;103;101;77m:[38;2;84;81;58m,[38;2;104;100;72m;[38;2;173;168;123mx[38;2;205;205;191mK[38;2;169;160;150mx[38;2;183;168;150mk[38;2;214;202;189mK[38;2;221;209;195mK[38;2;171;156;132mx[38;2;185;179;124mk[38;2;219;207;124m0[38;2;242;240;204mN[38;2;205;198;132m0[38;2;231;229;192mX[38;2;250;249;211mW[38;2;252;251;233mM[38;2;232;228;176mX[38;2;214;210;180mK[38;2;170;134;93mo[38;2;253;220;183mX[38;2;253;233;210mN[38;2;255;240;224mW[38;2;253;236;216mW[38;2;254;236;215mW[38;2;205;188;161mO[38;2;9;9;7m [38;2;101;99;77m;[38;2;63;60;40m.[38;2;73;73;73m [38;2;0;0;0m       [0m
[0m[38;2;0;0;0m   [38;2;86;85;64m,[38;2;236;235;212mN[38;2;218;218;208mX[38;2;214;212;175mK[38;2;163;160;117md[38;2;238;237;215mN[38;2;248;246;203mW[38;2;255;255;255mM[38;2;255;255;255mM[38;2;245;240;192mN[38;2;225;222;188mX[38;2;244;239;205mN[38;2;210;206;159m0[38;2;237;225;142mX[38;2;238;226;146mX[38;2;225;219;167mX[38;2;190;186;159mO[38;2;77;77;68m,[38;2;25;25;19m [38;2;142;142;142m [38;2;107;107;107m [38;2;73;73;73m [38;2;68;68;68m [38;2;152;150;139md[38;2;228;176;158mO[38;2;244;150;148mk[38;2;252;233;234mW[38;2;255;255;255mM[38;2;254;232;208mN[38;2;162;149;117md[38;2;222;215;149mK[38;2;183;176;117mk[38;2;241;234;174mN[38;2;221;218;166mK[38;2;211;203;143m0[38;2;217;176;140mO[38;2;215;180;145mO[38;2;183;181;153mk[38;2;173;165;144mx[38;2;161;135;103mo[38;2;224;203;176mK[38;2;250;234;216mN[38;2;254;237;219mW[38;2;253;235;215mW[38;2;253;231;206mN[38;2;174;161;137mx[38;2;74;73;54m'[38;2;172;172;172m [38;2;52;52;52m [38;2;0;0;0m        [0m
[0m[38;2;0;0;0m  [38;2;15;15;10m [38;2;249;248;219mW[38;2;230;230;228mN[38;2;190;189;165mO[38;2;193;189;145mO[38;2;194;193;154mO[38;2;247;243;201mW[38;2;252;251;231mW[38;2;255;255;255mM[38;2;255;255;255mM[38;2;243;236;181mN[38;2;232;231;214mN[38;2;239;234;200mN[38;2;211;202;141m0[38;2;239;229;148mX[38;2;215;206;143m0[38;2;143;141;126mo[38;2;7;7;5m [38;2;30;30;22m.[38;2;39;39;39m [38;2;0;0;0m   [38;2;40;40;40m.[38;2;234;213;191mX[38;2;251;218;213mN[38;2;253;244;244mW[38;2;244;140;141mk[38;2;247;179;180m0[38;2;252;220;190mX[38;2;197;164;124mk[38;2;181;169;131mx[38;2;211;205;155m0[38;2;204;198;154m0[38;2;202;196;141mO[38;2;157;146;112md[38;2;202;154;126mx[38;2;203;190;136mO[38;2;216;207;144m0[38;2;219;211;147mK[38;2;222;215;162mK[38;2;214;206;161mK[38;2;171;166;138mx[38;2;162;153;132md[38;2;238;222;194mX[38;2;253;232;204mN[38;2;126;115;95mc[38;2;83;83;83m [38;2;5;5;5m [38;2;0;0;0m         [0m
[0m[38;2;0;0;0m  [38;2;15;15;11m [38;2;246;246;233mW[38;2;213;212;198mK[38;2;200;197;155m0[38;2;169;167;140mx[38;2;220;219;176mX[38;2;244;238;181mN[38;2;252;251;232mW[38;2;255;255;255mM[38;2;255;255;255mM[38;2;246;241;190mN[38;2;228;227;210mX[38;2;244;240;208mN[38;2;212;206;159m0[38;2;240;231;153mX[38;2;209;205;163m0[38;2;47;47;44m.[38;2;23;23;17m [38;2;96;96;96m [38;2;0;0;0m   [38;2;11;11;11m [38;2;130;128;124ml[38;2;251;206;183mX[38;2;247;179;181m0[38;2;254;247;243mW[38;2;254;243;235mW[38;2;254;240;224mW[38;2;254;238;219mW[38;2;254;228;198mN[38;2;238;209;175mK[38;2;203;175;143mO[38;2;195;164;128mk[38;2;210;175;135mO[38;2;169;162;154mx[38;2;217;215;187mK[38;2;244;239;176mN[38;2;220;212;160mK[38;2;249;247;210mW[38;2;212;206;153m0[38;2;216;205;133m0[38;2;214;206;142m0[38;2;150;144;125mo[38;2;186;175;140mk[38;2;229;223;198mX[38;2;39;36;33m.[38;2;0;0;0m           [0m
[0m[38;2;0;0;0m  [38;2;41;41;41m [38;2;18;18;15m [38;2;201;200;178m0[38;2;197;192;144mO[38;2;160;159;135md[38;2;217;216;171mK[38;2;243;236;174mN[38;2;250;249;218mW[38;2;253;253;242mM[38;2;255;255;255mM[38;2;251;250;222mW[38;2;245;240;193mN[38;2;224;223;203mX[38;2;212;206;163mK[38;2;240;233;165mN[38;2;203;198;148m0[38;2;62;62;56m.[38;2;33;33;23m.[38;2;8;8;8m [38;2;0;0;0m   [38;2;20;20;20m [38;2;128;122;114ml[38;2;253;230;204mN[38;2;255;254;253mM[38;2;255;240;224mW[38;2;255;241;224mW[38;2;247;210;166mX[38;2;253;222;186mN[38;2;253;231;206mN[38;2;254;238;220mW[38;2;255;243;229mW[38;2;254;242;227mW[38;2;242;214;182mX[38;2;167;163;143mx[38;2;218;215;188mK[38;2;231;227;176mX[38;2;229;220;162mX[38;2;237;234;190mN[38;2;205;199;144m0[38;2;222;211;138mK[38;2;192;183;117mk[38;2;160;149;116md[38;2;200;186;145mO[38;2;103;100;85m;[38;2;47;47;47m [38;2;0;0;0m           [0m
[0m[38;2;0;0;0m   [38;2;13;13;9m [38;2;44;44;32m.[38;2;147;143;110mo[38;2;163;159;116md[38;2;173;170;130mx[38;2;242;233;170mN[38;2;247;245;195mW[38;2;250;249;218mW[38;2;253;252;240mM[38;2;254;254;253mM[38;2;250;249;218mW[38;2;238;234;194mN[38;2;226;223;196mX[38;2;204;196;133mO[38;2;231;221;146mX[38;2;132;131;110ml[38;2;10;10;7m [38;2;0;0;0m    [38;2;1;1;1m [38;2;44;41;36m.[38;2;252;209;159mX[38;2;254;239;223mW[38;2;255;240;224mW[38;2;254;234;210mN[38;2;241;197;146mK[38;2;238;190;135m0[38;2;252;213;168mX[38;2;252;222;189mN[38;2;225;203;179mK[38;2;214;198;179m0[38;2;204;176;141mO[38;2;183;166;141mk[38;2;222;215;168mK[38;2;205;199;155m0[38;2;222;217;168mK[38;2;209;202;141m0[38;2;214;204;133m0[38;2;210;201;131m0[38;2;150;141;90mo[38;2;215;192;140m0[38;2;83;80;63m,[38;2;66;66;66m [38;2;0;0;0m            [0m
[0m[38;2;0;0;0m   [38;2;15;15;11m [38;2;30;30;22m [38;2;55;55;49m.[38;2;188;179;114mk[38;2;185;180;129mk[38;2;180;179;140mk[38;2;226;218;154mK[38;2;238;234;180mN[38;2;246;242;191mN[38;2;250;248;219mW[38;2;255;255;254mM[38;2;251;250;222mW[38;2;215;212;178mK[38;2;226;222;178mX[38;2;210;198;116m0[38;2;200;199;157m0[38;2;62;62;57m'[38;2;2;2;2m [38;2;0;0;0m  [38;2;0;0;0m [38;2;9;9;9m [38;2;40;38;36m.[38;2;232;202;169mK[38;2;253;231;207mN[38;2;254;231;205mN[38;2;252;202;145mK[38;2;118;100;79m:[38;2;122;122;122m [38;2;60;49;37m.[38;2;231;192;148m0[38;2;244;202;153mK[38;2;251;201;144mK[38;2;249;208;160mX[38;2;217;187;129mO[38;2;160;153;114md[38;2;176;172;132mk[38;2;177;170;117mx[38;2;207;199;138m0[38;2;197;192;136mO[38;2;157;143;94mo[38;2;215;195;153m0[38;2;100;99;94m:[38;2;37;37;37m [38;2;0;0;0m             [0m
[0m[38;2;0;0;0m   [38;2;45;45;45m [38;2;71;70;51m'[38;2;2;2;2m [38;2;148;146;127mo[38;2;198;189;127mO[38;2;198;189;127mO[38;2;194;191;152mO[38;2;233;227;166mX[38;2;231;226;171mX[38;2;231;227;185mX[38;2;246;241;199mN[38;2;253;252;244mM[38;2;233;232;212mN[38;2;227;224;178mX[38;2;206;194;118mO[38;2;243;241;192mN[38;2;105;105;100m:[38;2;15;15;12m [38;2;0;0;0m [38;2;2;2;2m [38;2;85;81;76m,[38;2;197;178;155mO[38;2;214;196;177m0[38;2;246;228;206mN[38;2;254;230;202mN[38;2;252;208;157mX[38;2;95;82;66m,[38;2;13;13;13m [38;2;191;183;174mO[38;2;226;202;173mK[38;2;243;201;153mK[38;2;238;195;145m0[38;2;195;173;147mk[38;2;166;156;145mx[38;2;220;205;141m0[38;2;142;140;129mo[38;2;194;188;142mO[38;2;144;142;115mo[38;2;228;222;162mX[38;2;160;149;98md[38;2;252;212;162mX[38;2;249;231;209mN[38;2;81;81;81m,[38;2;10;10;7m [38;2;22;22;16m [38;2;0;0;0m            [0m
[0m[38;2;0;0;0m    [38;2;61;61;61m [38;2;152;152;152m [38;2;73;73;63m'[38;2;166;166;154mx[38;2;191;186;143mO[38;2;196;186;122mO[38;2;186;181;146mk[38;2;232;228;186mX[38;2;241;234;170mN[38;2;218;215;177mK[38;2;238;231;180mN[38;2;238;237;209mN[38;2;219;218;176mK[38;2;201;189;116mO[38;2;211;210;173mK[38;2;100;100;88m:[38;2;96;96;96m [38;2;0;0;0m [38;2;47;45;44m.[38;2;231;204;174mK[38;2;254;238;221mW[38;2;255;241;225mW[38;2;254;229;201mN[38;2;252;208;158mX[38;2;97;82;64m,[38;2;37;37;37m [38;2;26;26;26m [38;2;250;224;195mN[38;2;253;205;151mK[38;2;253;206;151mK[38;2;252;206;153mK[38;2;180;168;155mk[38;2;183;169;147mk[38;2;221;199;137m0[38;2;190;184;147mO[38;2;161;160;142mx[38;2;155;154;127md[38;2;207;201;144m0[38;2;156;145;93mo[38;2;221;198;162m0[38;2;218;203;184mK[38;2;115;115;115mc[38;2;80;79;61m,[38;2;107;107;107m [38;2;0;0;0m            [0m
[0m[38;2;0;0;0m [38;2;19;19;14m [38;2;6;6;4m [38;2;53;53;53m [38;2;42;41;29m.[38;2;4;4;3m [38;2;39;39;39m [38;2;92;92;92m [38;2;2;2;2m [38;2;14;14;11m [38;2;138;132;89ml[38;2;155;148;105md[38;2;222;220;186mX[38;2;238;229;154mX[38;2;222;215;155mK[38;2;215;214;186mK[38;2;190;186;146mO[38;2;184;176;125mk[38;2;128;128;117ml[38;2;13;13;12m [38;2;6;6;6m [38;2;27;27;27m [38;2;197;179;158mO[38;2;253;227;197mN[38;2;255;240;225mW[38;2;254;231;206mN[38;2;252;212;166mX[38;2;190;156;116mx[38;2;69;69;69m [38;2;0;0;0m [38;2;60;60;60m.[38;2;253;230;203mN[38;2;253;205;151mK[38;2;253;206;150mK[38;2;252;209;159mX[38;2;130;123;114ml[38;2;241;216;188mX[38;2;250;208;148mK[38;2;228;207;151mK[38;2;155;147;119md[38;2;181;179;152mk[38;2;157;150;117md[38;2;167;151;97md[38;2;149;139;88mo[38;2;150;144;107mo[38;2;60;60;45m.[38;2;194;194;194m [38;2;46;46;46m [38;2;0;0;0m            [0m
[0m[38;2;6;6;5m [38;2;76;76;56m'[38;2;16;16;13m [38;2;138;136;100mo[38;2;24;24;17m [38;2;98;98;98m [38;2;53;52;37m.[38;2;49;49;36m.[38;2;219;217;162mK[38;2;186;184;134mk[38;2;184;180;132mk[38;2;120;114;79mc[38;2;159;106;82mc[38;2;154;139;92mo[38;2;156;153;123md[38;2;85;83;68m,[38;2;78;77;66m'[38;2;35;34;28m.[38;2;122;122;122m [38;2;26;26;26m [38;2;2;2;2m [38;2;122;120;116ml[38;2;253;222;187mN[38;2;254;235;213mW[38;2;254;237;218mW[38;2;253;222;186mN[38;2;252;210;161mX[38;2;56;51;45m.[38;2;5;5;5m [38;2;0;0;0m [38;2;53;53;53m.[38;2;254;236;217mW[38;2;253;205;151mK[38;2;253;206;150mK[38;2;252;204;149mK[38;2;166;154;139md[38;2;253;219;179mX[38;2;252;215;172mX[38;2;253;227;195mN[38;2;249;228;189mN[38;2;210;195;169m0[38;2;142;129;111ml[38;2;242;200;145mK[38;2;251;218;172mX[38;2;241;223;198mX[38;2;62;62;61m.[38;2;0;0;0m [38;2;0;0;0m             [0m
[0m[38;2;141;140;107mo[38;2;98;96;68m;[38;2;45;45;35m.[38;2;188;186;141mO[38;2;19;19;12m [38;2;91;89;61m;[38;2;240;237;170mN[38;2;181;180;144mk[38;2;166;162;123mx[38;2;233;226;178mX[38;2;249;247;213mW[38;2;238;230;165mX[38;2;213;195;144m0[38;2;141;128;87ml[38;2;166;161;117mx[38;2;134;134;112ml[38;2;130;129;99ml[38;2;23;23;17m [38;2;0;0;0m  [38;2;31;31;31m.[38;2;200;185;168mO[38;2;253;223;189mN[38;2;255;240;224mW[38;2;254;231;206mN[38;2;253;219;181mX[38;2;236;196;149m0[38;2;13;10;7m [38;2;0;0;0m  [38;2;32;32;32m.[38;2;253;242;228mW[38;2;253;206;152mK[38;2;253;206;151mK[38;2;251;202;144mK[38;2;168;160;151mx[38;2;253;214;169mX[38;2;252;216;173mX[38;2;253;232;208mN[38;2;253;235;214mW[38;2;254;242;227mW[38;2;166;163;160mx[38;2;245;198;143mK[38;2;252;210;163mX[38;2;253;228;201mN[38;2;102;102;102m:[38;2;5;5;5m [38;2;0;0;0m             [0m
[0m[38;2;106;105;84m:[38;2;140;136;98ml[38;2;162;161;121mx[38;2;120;119;90mc[38;2;48;48;35m.[38;2;131;129;95ml[38;2;156;153;119md[38;2;200;195;150mO[38;2;239;235;195mN[38;2;248;246;208mW[38;2;236;226;156mX[38;2;204;200;155m0[38;2;211;204;149m0[38;2;118;116;83mc[38;2;222;213;141mK[38;2;101;101;95m:[38;2;135;134;110ml[38;2;65;64;50m.[38;2;6;6;4m [38;2;14;14;14m [38;2;92;92;91m,[38;2;252;223;191mN[38;2;253;231;206mN[38;2;255;241;225mW[38;2;254;227;197mN[38;2;253;212;165mX[38;2;212;171;123mk[38;2;8;7;5m [38;2;0;0;0m  [38;2;6;6;6m [38;2;235;231;227mN[38;2;253;209;158mX[38;2;253;206;151mK[38;2;242;192;135m0[38;2;172;162;150mx[38;2;253;213;168mX[38;2;252;212;167mX[38;2;253;228;200mN[38;2;254;233;209mN[38;2;254;240;223mW[38;2;231;227;223mN[38;2;200;166;125mk[38;2;251;201;143mK[38;2;253;222;187mN[38;2;202;199;195m0[38;2;15;15;15m [38;2;0;0;0m             [0m
[0m[38;2;60;60;60m [38;2;92;91;74m;[38;2;119;115;89mc[38;2;133;129;94ml[38;2;162;158;111md[38;2;184;176;115mk[38;2;217;210;145mK[38;2;221;216;163mK[38;2;207;201;148m0[38;2;195;187;131mO[38;2;188;182;136mk[38;2;180;173;118mk[38;2;128;124;89mc[38;2;210;205;143m0[38;2;170;163;112mx[38;2;100;99;90m;[38;2;147;146;121mo[38;2;58;57;46m.[38;2;1;1;1m [38;2;7;7;7m [38;2;172;162;150mx[38;2;253;222;187mN[38;2;254;241;225mW[38;2;255;241;225mW[38;2;254;225;193mN[38;2;252;209;159mX[38;2;229;182;127mO[38;2;22;22;22m [38;2;0;0;0m  [38;2;19;19;19m [38;2;110;110;110mc[38;2;253;224;191mN[38;2;253;206;150mK[38;2;238;192;138m0[38;2;180;167;152mk[38;2;253;214;169mX[38;2;252;209;159mX[38;2;253;225;194mN[38;2;254;232;208mN[38;2;254;237;218mW[38;2;254;245;236mW[38;2;193;178;162mO[38;2;251;199;139mK[38;2;252;212;166mX[38;2;251;237;220mW[38;2;91;91;91m;[38;2;6;6;6m [38;2;0;0;0m            [0m
[0m[38;2;0;0;0m [38;2;71;71;71m [38;2;178;178;178m [38;2;131;130;105ml[38;2;143;139;105mo[38;2;165;159;111md[38;2;185;177;117mk[38;2;184;175;112mk[38;2;193;184;119mk[38;2;206;196;123mO[38;2;165;159;108md[38;2;156;151;106md[38;2;184;178;126mk[38;2;8;8;7m [38;2;23;23;20m [38;2;144;143;114mo[38;2;93;93;93m [38;2;98;98;98m [38;2;12;12;12m [38;2;11;11;11m [38;2;233;210;184mK[38;2;252;223;190mN[38;2;255;244;231mW[38;2;255;241;225mW[38;2;254;227;197mN[38;2;253;216;173mX[38;2;252;204;150mK[38;2;97;92;86m;[38;2;2;2;2m [38;2;0;0;0m  [38;2;1;1;1m [38;2;202;191;179m0[38;2;239;198;150mK[38;2;243;202;155mK[38;2;186;171;153mk[38;2;253;214;170mX[38;2;252;207;155mX[38;2;253;222;188mN[38;2;254;233;210mN[38;2;253;233;211mN[38;2;254;240;225mW[38;2;243;240;236mW[38;2;223;191;153m0[38;2;252;200;142mK[38;2;252;221;185mN[38;2;220;208;194mK[38;2;19;18;17m [38;2;0;0;0m            [0m
[0m[38;2;0;0;0m  [38;2;7;7;7m [38;2;77;77;77m [38;2;139;139;139m [38;2;156;156;156m [38;2;151;151;151m [38;2;154;154;154m [38;2;150;150;150m [38;2;153;153;153m [38;2;136;136;136m [38;2;210;210;210m [38;2;211;211;211m [38;2;176;176;176m [38;2;136;136;136m [38;2;65;65;65m [38;2;5;5;5m [38;2;0;0;0m  [38;2;49;49;49m [38;2;128;128;128m [38;2;67;57;46m.[38;2;206;185;160mO[38;2;231;209;184mK[38;2;239;210;176mX[38;2;237;203;164mK[38;2;226;189;147m0[38;2;114;101;85m:[38;2;52;52;52m [38;2;0;0;0m  [38;2;6;6;6m [38;2;25;25;25m [38;2;29;29;29m [38;2;56;56;56m [38;2;86;82;77m,[38;2;246;206;160mK[38;2;252;206;152mK[38;2;252;214;169mX[38;2;253;227;198mN[38;2;253;227;197mN[38;2;253;229;201mN[38;2;253;234;211mN[38;2;226;205;181mK[38;2;68;59;47m.[38;2;96;96;96m [38;2;64;64;64m [38;2;47;47;47m [38;2;0;0;0m            [0m
[0m[38;2;0;0;0m           [38;2;2;2;2m [38;2;25;25;25m [38;2;2;2;2m [38;2;0;0;0m      [38;2;0;0;0m [38;2;42;42;42m [38;2;95;95;95m [38;2;85;85;85m [38;2;66;66;66m [38;2;48;48;48m [38;2;52;52;52m [38;2;52;52;52m [38;2;1;1;1m [38;2;0;0;0m      [38;2;40;40;40m [38;2;54;54;54m [38;2;78;78;78m [38;2;32;25;18m [38;2;73;59;43m.[38;2;77;63;47m'[38;2;68;55;39m.[38;2;49;39;27m.[38;2;75;75;75m [38;2;95;95;95m [38;2;1;1;1m [38;2;0;0;0m              [0m
