[0m[38;2;0;0;0m                       [38;2;14;14;14m [38;2;82;76;69m,[38;2;67;63;58m'[38;2;12;12;12m [38;2;3;3;3m [38;2;14;14;14m [38;2;0;0;0m      [0m
[0m[38;2;0;0;0m                    [38;2;7;7;7m [38;2;66;65;65m'[38;2;150;140;128mo[38;2;193;167;134mk[38;2;193;162;124mx[38;2;39;39;38m.[38;2;10;10;10m [38;2;33;33;33m.[38;2;191;178;162mO[38;2;86;79;69m,[38;2;7;7;7m [38;2;0;0;0m    [0m
[0m[38;2;0;0;0m                    [38;2;15;15;15m [38;2;229;214;196mX[38;2;215;178;133mO[38;2;209;167;116mk[38;2;209;167;117mk[38;2;198;164;123mk[38;2;193;162;124mx[38;2;207;173;132mk[38;2;208;165;112mk[38;2;210;170;122mk[38;2;160;147;132md[38;2;21;20;20m [38;2;0;0;0m   [0m
[0m[38;2;0;0;0m                 [38;2;0;0;0m [38;2;10;10;8m [38;2;71;71;57m'[38;2;125;124;105ml[38;2;195;187;161mO[38;2;214;202;166m0[38;2;218;208;171mK[38;2;215;205;160m0[38;2;213;201;155m0[38;2;210;195;147m0[38;2;209;187;139mO[38;2;209;175;122mk[38;2;210;168;116mk[38;2;208;165;112mk[38;2;196;174;147mk[38;2;66;66;65m'[38;2;23;23;23m [38;2;3;3;3m [0m
[0m[38;2;0;0;0m                [38;2;17;17;17m [38;2;90;90;72m,[38;2;70;70;60m'[38;2;197;196;174m0[38;2;245;242;210mW[38;2;243;238;192mN[38;2;234;229;172mX[38;2;236;234;181mN[38;2;237;235;187mN[38;2;238;235;193mN[38;2;235;231;174mX[38;2;230;226;174mX[38;2;225;222;177mX[38;2;214;196;147m0[38;2;209;167;111mk[38;2;209;167;116mk[38;2;206;191;173m0[38;2;200;172;138mk[38;2;144;132;117mo[0m
[0m[38;2;0;0;0m             [38;2;38;38;29m.[38;2;23;23;18m [38;2;21;21;20m [38;2;68;67;55m'[38;2;129;128;115ml[38;2;179;174;135mk[38;2;226;220;164mX[38;2;221;213;143mK[38;2;222;213;141mK[38;2;229;226;178mX[38;2;224;219;170mX[38;2;202;196;143m0[38;2;195;186;125mO[38;2;200;191;133mO[38;2;210;194;140m0[38;2;220;202;150m0[38;2;195;182;139mO[38;2;205;171;117mk[38;2;206;161;106mx[38;2;222;193;157m0[38;2;181;159;132mx[38;2;191;159;119mx[0m
[0m[38;2;0;0;0m             [38;2;113;113;113m [38;2;36;36;30m.[38;2;153;151;126mo[38;2;153;149;111md[38;2;177;171;118mx[38;2;178;172;116mx[38;2;184;177;122mk[38;2;174;168;122mx[38;2;193;176;127mk[38;2;177;160;109mx[38;2;172;151;103md[38;2;94;89;68m;[38;2;115;110;80m:[38;2;141;128;105ml[38;2;176;161;135mx[38;2;242;226;208mN[38;2;248;225;198mN[38;2;220;197;171m0[38;2;185;146;99md[38;2;213;175;129mO[38;2;187;169;148mk[38;2;144;121;92ml[0m
[0m[38;2;0;0;0m              [38;2;13;13;13m [38;2;46;46;46m [38;2;38;38;38m [38;2;39;39;39m [38;2;75;70;62m'[38;2;95;92;79m;[38;2;183;171;154mk[38;2;234;198;154mK[38;2;244;212;161mX[38;2;98;84;65m,[38;2;79;80;79m,[38;2;136;163;134md[38;2;242;242;242mW[38;2;109;109;106m:[38;2;185;159;128mx[38;2;221;187;147m0[38;2;254;239;221mW[38;2;197;178;155mO[38;2;205;165;116mk[38;2;94;89;83m;[38;2;54;54;54m [0m
[0m[38;2;0;0;0m         [38;2;3;3;3m [38;2;2;2;2m [38;2;0;0;0m      [38;2;17;17;17m [38;2;159;142;124md[38;2;233;223;211mX[38;2;251;239;226mW[38;2;255;244;233mW[38;2;254;239;221mW[38;2;234;218;199mX[38;2;223;208;190mK[38;2;215;196;169m0[38;2;217;199;178m0[38;2;194;176;152mk[38;2;253;227;197mN[38;2;208;175;126mk[38;2;214;182;139mO[38;2;187;163;134mx[38;2;196;158;111mk[38;2;6;6;6m [38;2;0;0;0m [0m
[0m[38;2;0;0;0m    [38;2;1;1;1m [38;2;84;83;71m,[38;2;146;146;131mo[38;2;184;184;163mO[38;2;202;201;184m0[38;2;212;211;184mK[38;2;204;203;173m0[38;2;175;174;149mk[38;2;129;129;113ml[38;2;93;93;87m;[38;2;43;43;43m.[38;2;3;3;3m [38;2;0;0;0m [38;2;5;5;5m [38;2;48;48;48m [38;2;114;114;114m [38;2;56;49;42m.[38;2;248;227;202mN[38;2;254;237;216mW[38;2;254;238;220mW[38;2;254;235;215mW[38;2;254;234;212mN[38;2;253;233;209mN[38;2;254;236;217mW[38;2;246;223;196mN[38;2;165;157;103md[38;2;160;148;99md[38;2;176;145;106md[38;2;100;100;100m [38;2;7;7;7m [38;2;0;0;0m [0m
[0m[38;2;0;0;0m  [38;2;0;0;0m [38;2;101;100;81m:[38;2;213;212;191mK[38;2;219;218;192mX[38;2;226;225;199mX[38;2;239;239;223mN[38;2;249;247;219mW[38;2;244;241;201mN[38;2;231;226;175mX[38;2;220;214;158mK[38;2;222;215;158mK[38;2;221;214;156mK[38;2;204;199;154m0[38;2;160;159;149mx[38;2;26;26;26m [38;2;0;0;0m [38;2;4;4;4m [38;2;35;35;29m.[38;2;196;190;142mO[38;2;217;213;179mK[38;2;219;210;185mK[38;2;218;208;167mK[38;2;211;178;137mO[38;2;251;207;158mX[38;2;253;229;201mN[38;2;254;239;222mW[38;2;209;193;159m0[38;2;146;141;94mo[38;2;80;78;52m'[38;2;138;138;138m [38;2;92;92;92m [38;2;11;11;11m [38;2;0;0;0m [0m
[0m[38;2;0;0;0m [38;2;0;0;0m [38;2;118;117;95mc[38;2;220;220;204mX[38;2;198;196;161m0[38;2;236;233;203mN[38;2;254;253;246mM[38;2;248;245;217mW[38;2;234;230;192mN[38;2;223;216;158mK[38;2;232;222;148mX[38;2;228;221;167mX[38;2;88;87;68m,[38;2;186;186;186m [38;2;151;151;151m [38;2;107;105;86m:[38;2;194;156;149mx[38;2;208;198;188m0[38;2;211;197;180m0[38;2;184;176;123mk[38;2;229;223;166mX[38;2;214;209;157mK[38;2;242;239;201mN[38;2;230;227;185mX[38;2;190;169;136mk[38;2;253;224;192mN[38;2;254;239;221mW[38;2;253;235;214mW[38;2;124;117;97mc[38;2;54;52;38m.[38;2;80;80;80m [38;2;0;0;0m [38;2;5;5;5m [38;2;0;0;0m  [0m
[0m[38;2;0;0;0m [38;2;42;42;32m.[38;2;234;233;223mN[38;2;196;194;159mO[38;2;209;207;172mK[38;2;250;248;221mW[38;2;255;255;255mM[38;2;234;230;189mN[38;2;227;224;197mX[38;2;238;227;144mX[38;2;164;160;125md[38;2;17;17;14m [38;2;77;77;77m [38;2;0;0;0m [38;2;4;4;4m [38;2;218;190;176m0[38;2;251;215;215mX[38;2;248;191;192mK[38;2;241;211;181mX[38;2;193;175;132mk[38;2;190;181;138mk[38;2;187;179;132mk[38;2;201;160;134mk[38;2;198;189;136mO[38;2;200;192;146mO[38;2;206;196;153m0[38;2;186;176;153mk[38;2;243;226;200mN[38;2;51;48;37m.[38;2;29;29;29m [38;2;0;0;0m     [0m
[0m[38;2;0;0;0m [38;2;91;91;91m [38;2;136;136;123mo[38;2;185;181;143mk[38;2;223;219;168mX[38;2;250;249;217mW[38;2;254;254;252mM[38;2;247;244;207mW[38;2;228;226;200mX[38;2;226;218;152mK[38;2;137;135;114ml[38;2;12;12;9m [38;2;0;0;0m  [38;2;13;13;13m [38;2;253;225;205mN[38;2;254;242;233mW[38;2;251;230;205mN[38;2;253;227;198mN[38;2;253;233;210mN[38;2;245;224;201mN[38;2;199;176;148mO[38;2;227;224;193mX[38;2;230;224;172mX[38;2;224;220;168mX[38;2;220;209;136mK[38;2;162;152;117md[38;2;135;130;108ml[38;2;35;35;35m [38;2;0;0;0m      [0m
[0m[38;2;0;0;0m  [38;2;38;37;27m.[38;2;132;128;95ml[38;2;186;182;137mk[38;2;234;228;172mX[38;2;249;246;209mW[38;2;253;253;242mM[38;2;240;237;204mN[38;2;214;209;162mK[38;2;197;191;134mO[38;2;34;34;27m.[38;2;0;0;0m  [38;2;27;27;27m [38;2;219;189;153mO[38;2;254;238;220mW[38;2;223;188;147mO[38;2;175;175;175m [38;2;228;194;156m0[38;2;230;197;158m0[38;2;218;186;145mO[38;2;195;187;141mO[38;2;195;189;142mO[38;2;211;203;139m0[38;2;174;163;108mx[38;2;111;104;84m:[38;2;55;55;55m [38;2;0;0;0m       [0m
[0m[38;2;0;0;0m  [38;2;120;120;120m [38;2;42;41;35m.[38;2;200;193;144mO[38;2;198;192;141mO[38;2;228;224;173mX[38;2;234;230;185mX[38;2;248;245;216mW[38;2;227;224;190mX[38;2;219;211;148mK[38;2;90;90;77m;[38;2;0;0;0m [38;2;69;63;57m.[38;2;210;194;176m0[38;2;243;222;198mX[38;2;185;157;124mx[38;2;11;10;9m [38;2;201;184;164mO[38;2;236;197;150mK[38;2;215;185;150mO[38;2;197;181;144mO[38;2;168;164;136mx[38;2;167;163;129mx[38;2;181;174;122mk[38;2;251;218;174mX[38;2;73;73;73m'[38;2;45;45;33m.[38;2;0;0;0m       [0m
[0m[38;2;5;5;4m [38;2;91;91;91m [38;2;42;41;30m.[38;2;90;90;90m [38;2;64;64;52m'[38;2;138;136;104ml[38;2;150;145;105mo[38;2;224;219;164mK[38;2;227;222;170mX[38;2;184;181;150mk[38;2;106;103;81m:[38;2;78;78;78m [38;2;35;34;34m.[38;2;236;211;183mX[38;2;254;237;219mW[38;2;252;213;170mX[38;2;15;13;11m [38;2;9;9;9m [38;2;251;222;189mN[38;2;253;206;150mK[38;2;184;163;137mx[38;2;240;209;167mK[38;2;222;200;151m0[38;2;167;162;131mx[38;2;169;154;107md[38;2;180;165;119mx[38;2;74;73;61m'[38;2;84;84;84m [38;2;0;0;0m       [0m
[0m[38;2;139;137;102mo[38;2;86;86;65m,[38;2;91;90;64m;[38;2;159;156;111md[38;2;193;191;149mO[38;2;205;200;156m0[38;2;210;204;155m0[38;2;165;135;96mo[38;2;149;146;113mo[38;2;121;120;94mc[38;2;11;11;8m [38;2;2;2;2m [38;2;169;156;141mx[38;2;254;232;208mN[38;2;254;228;200mN[38;2;183;153;118mx[38;2;16;16;16m [38;2;4;4;4m [38;2;248;226;199mN[38;2;253;205;150mK[38;2;202;176;147mO[38;2;252;215;171mX[38;2;253;230;204mN[38;2;251;236;218mW[38;2;191;167;138mk[38;2;252;215;171mX[38;2;102;100;97m:[38;2;0;0;0m        [0m
[0m[38;2;33;33;26m.[38;2;149;147;111mo[38;2;163;160;117md[38;2;185;180;130mk[38;2;225;219;166mX[38;2;225;220;173mX[38;2;199;193;140mO[38;2;151;147;105mo[38;2;177;171;121mx[38;2;121;120;105mc[38;2;25;25;19m [38;2;20;20;20m [38;2;241;216;188mX[38;2;255;240;223mW[38;2;253;221;186mN[38;2;187;151;110mx[38;2;6;6;6m [38;2;14;14;14m [38;2;156;148;139md[38;2;253;204;148mK[38;2;198;174;145mk[38;2;252;212;165mX[38;2;253;225;194mN[38;2;254;237;217mW[38;2;216;203;188mK[38;2;251;204;150mK[38;2;223;211;197mK[38;2;6;6;6m [38;2;0;0;0m       [0m
[0m[38;2;19;19;19m [38;2;115;115;115m [38;2;158;158;158m [38;2;34;33;24m.[38;2;169;164;118mx[38;2;105;102;72m:[38;2;32;32;23m.[38;2;63;62;48m.[38;2;18;17;15m [38;2;92;92;92m [38;2;45;45;45m [38;2;30;28;26m [38;2;238;210;178mK[38;2;255;239;221mW[38;2;254;225;193mN[38;2;233;195;152m0[38;2;18;18;17m [38;2;0;0;0m [38;2;81;81;81m [38;2;150;150;150m [38;2;84;75;65m'[38;2;252;211;164mX[38;2;253;221;186mN[38;2;254;233;211mN[38;2;251;242;231mW[38;2;195;169;140mk[38;2;3;3;2m [38;2;104;104;104m [38;2;0;0;0m       [0m
[0m[38;2;0;0;0m  [38;2;0;0;0m [38;2;36;36;36m [38;2;61;61;61m [38;2;50;50;50m [38;2;44;44;44m [38;2;102;102;102m [38;2;23;23;23m [38;2;0;0;0m  [38;2;11;11;11m [38;2;53;53;53m [38;2;119;119;119m [38;2;115;115;115m [38;2;105;105;105m [38;2;29;29;29m [38;2;0;0;0m   [38;2;42;42;42m [38;2;123;123;123m [38;2;57;46;33m.[38;2;122;103;81m:[38;2;88;73;56m,[38;2;111;111;111m [38;2;52;52;52m [38;2;0;0;0m        [0m
