[0m[38;2;0;0;0m                     [38;2;4;3;4m [38;2;84;70;81m'[38;2;168;142;160md[38;2;185;158;174mx[38;2;182;149;170mx[38;2;74;61;70m'[38;2;49;49;49m.[38;2;27;21;26m [38;2;8;8;8m [38;2;0;0;0m     [0m
[0m[38;2;0;0;0m                   [38;2;2;1;1m [38;2;60;49;58m.[38;2;183;158;175mx[38;2;219;184;203m0[38;2;233;193;214mK[38;2;234;198;217mK[38;2;237;208;223mX[38;2;239;213;227mX[38;2;228;202;214mK[38;2;205;177;191mO[38;2;204;180;194mO[38;2;160;132;150mo[38;2;111;90;106m;[38;2;11;8;11m [38;2;0;0;0m  [0m
[0m[38;2;0;0;0m                  [38;2;3;2;2m [38;2;82;69;79m,[38;2;197;161;179mk[38;2;209;150;180mk[38;2;190;125;159md[38;2;196;121;161md[38;2;192;107;148mo[38;2;195;138;165mx[38;2;227;178;208m0[38;2;244;211;226mX[38;2;220;166;191mO[38;2;234;197;214mK[38;2;225;195;209mK[38;2;214;186;201m0[38;2;205;177;194mO[38;2;30;25;29m [38;2;0;0;0m [0m
[0m[38;2;0;0;0m                 [38;2;0;0;0m [38;2;5;4;5m [38;2;121;96;112m:[38;2;233;179;209m0[38;2;194;128;161md[38;2;220;152;193mk[38;2;124;84;107m:[38;2;133;127;131ml[38;2;236;230;202mN[38;2;225;204;214mK[38;2;209;194;193m0[38;2;204;190;180m0[38;2;224;212;207mX[38;2;233;216;216mX[38;2;217;200;195mK[38;2;204;176;182mO[38;2;192;183;173mO[38;2;110;109;103m:[0m
[0m[38;2;0;0;0m             [38;2;2;2;2m [38;2;74;72;61m,[38;2;122;119;102mc[38;2;54;53;47m.[38;2;33;33;31m.[38;2;236;228;188mX[38;2;159;145;153md[38;2;207;165;186mO[38;2;219;178;197m0[38;2;222;181;199m0[38;2;189;192;187mO[38;2;240;241;237mW[38;2;230;233;232mN[38;2;72;69;67m'[38;2;52;52;52m.[38;2;122;138;137ml[38;2;148;142;138mo[38;2;252;252;252mM[38;2;254;254;250mM[38;2;251;247;217mW[38;2;237;236;222mN[38;2;110;109;108m:[0m
[0m[38;2;0;0;0m              [38;2;57;57;57m [38;2;10;10;8m [38;2;245;241;198mW[38;2;214;213;197mK[38;2;206;202;177m0[38;2;238;235;200mN[38;2;180;171;167mk[38;2;202;172;184mO[38;2;210;190;177m0[38;2;233;225;219mN[38;2;255;255;255mM[38;2;214;219;220mX[38;2;158;170;170mx[38;2;192;206;204m0[38;2;202;204;197m0[38;2;167;167;166mx[38;2;253;253;253mM[38;2;247;245;242mW[38;2;224;204;207mK[38;2;223;198;209mK[38;2;135;129;133ml[0m
[0m[38;2;0;0;0m       [38;2;2;2;2m [38;2;16;15;16m [38;2;77;69;75m'[38;2;121;104;117mc[38;2;146;119;138ml[38;2;153;122;143mo[38;2;146;114;135ml[38;2;115;106;97m:[38;2;149;146;127mo[38;2;193;188;160mO[38;2;220;213;184mK[38;2;214;202;197mK[38;2;182;174;158mk[38;2;239;237;220mN[38;2;170;147;144md[38;2;220;194;204m0[38;2;219;183;188m0[38;2;229;205;198mK[38;2;236;222;211mX[38;2;251;235;224mW[38;2;251;237;240mW[38;2;253;248;250mM[38;2;255;254;254mM[38;2;245;238;228mW[38;2;214;168;175mO[38;2;231;179;203m0[38;2;203;179;192mO[38;2;5;5;5m [0m
[0m[38;2;0;0;0m      [38;2;18;15;17m [38;2;157;134;152mo[38;2;223;186;212m0[38;2;242;203;230mX[38;2;243;198;229mX[38;2;239;198;227mK[38;2;235;194;223mK[38;2;228;174;208m0[38;2;210;155;184mk[38;2;214;166;173mO[38;2;231;201;194mK[38;2;192;169;180mk[38;2;177;141;159md[38;2;214;201;176m0[38;2;226;212;198mK[38;2;177;148;158mx[38;2;217;195;206m0[38;2;218;153;185mk[38;2;221;134;176mx[38;2;209;170;156mO[38;2;255;250;226mW[38;2;255;254;255mM[38;2;237;234;236mN[38;2;214;188;198m0[38;2;214;163;187mO[38;2;229;187;207m0[38;2;145;128;138mo[38;2;106;106;106m [38;2;5;5;5m [0m
[0m[38;2;0;0;0m     [38;2;15;12;15m [38;2;164;144;160md[38;2;238;204;227mX[38;2;244;207;234mX[38;2;233;185;217mK[38;2;215;164;193mO[38;2;200;131;166md[38;2;202;119;157md[38;2;37;23;30m [38;2;113;113;113m [38;2;78;78;78m [38;2;79;79;79m [38;2;64;50;56m.[38;2;210;179;188mO[38;2;205;159;182mk[38;2;202;154;178mk[38;2;200;146;174mx[38;2;192;138;164mx[38;2;205;147;163mx[38;2;207;178;175mO[38;2;253;249;226mW[38;2;239;233;230mN[38;2;217;185;200m0[38;2;206;159;180mk[38;2;216;163;190mO[38;2;221;187;206m0[38;2;28;26;28m [38;2;39;39;39m [38;2;0;0;0m  [0m
[0m[38;2;0;0;0m    [38;2;2;2;2m [38;2;25;22;25m [38;2;221;188;212m0[38;2;243;212;234mX[38;2;235;178;215m0[38;2;221;165;196mO[38;2;180;105;140ml[38;2;227;150;187mk[38;2;76;56;68m.[38;2;46;46;46m [38;2;0;0;0m   [38;2;13;13;11m [38;2;245;238;228mW[38;2;244;231;226mN[38;2;230;210;212mX[38;2;233;226;212mN[38;2;251;248;232mW[38;2;255;254;248mM[38;2;255;255;255mM[38;2;234;221;215mX[38;2;210;159;177mk[38;2;208;176;190mO[38;2;201;147;175mx[38;2;196;164;180mk[38;2;8;7;8m [38;2;9;9;9m [38;2;0;0;0m   [0m
[0m[38;2;0;0;0m    [38;2;23;23;23m [38;2;17;13;16m [38;2;210;191;204mK[38;2;235;192;218mK[38;2;239;184;220mK[38;2;214;160;188mk[38;2;194;127;158md[38;2;219;136;175mx[38;2;130;94;119m:[38;2;4;3;4m [38;2;0;0;0m   [38;2;20;20;15m [38;2;204;198;168m0[38;2;255;254;252mM[38;2;245;244;221mW[38;2;203;201;159m0[38;2;168;168;168m [38;2;22;22;18m [38;2;243;241;220mW[38;2;225;191;182m0[38;2;188;148;164mx[38;2;198;155;177mk[38;2;216;166;194mO[38;2;129;104;121mc[38;2;1;1;1m [38;2;17;17;17m [38;2;2;2;2m [38;2;0;0;0m  [0m
[0m[38;2;0;0;0m     [38;2;47;47;47m [38;2;121;105;117mc[38;2;223;192;209mK[38;2;235;192;220mK[38;2;232;178;210m0[38;2;218;157;190mk[38;2;200;138;168mx[38;2;182;120;150mo[38;2;134;100;128mc[38;2;3;2;3m [38;2;6;6;6m [38;2;122;120;102ml[38;2;242;240;230mW[38;2;250;248;220mW[38;2;227;223;183mX[38;2;139;135;105ml[38;2;59;59;59m [38;2;0;0;0m [38;2;29;28;21m [38;2;253;251;231mM[38;2;254;251;235mM[38;2;212;186;176m0[38;2;184;135;159md[38;2;197;136;166mx[38;2;194;147;175mx[38;2;149;113;134ml[38;2;63;55;59m.[38;2;21;21;21m [38;2;0;0;0m  [0m
[0m[38;2;0;0;0m   [38;2;2;2;2m [38;2;1;1;1m [38;2;0;0;0m [38;2;59;59;59m [38;2;134;134;134m [38;2;32;25;29m [38;2;198;160;181mk[38;2;218;170;196mO[38;2;224;170;200mO[38;2;217;155;189mk[38;2;176;126;151mo[38;2;135;105;126mc[38;2;104;95;76m;[38;2;246;242;224mW[38;2;254;254;247mM[38;2;230;226;173mX[38;2;246;237;184mN[38;2;26;25;21m [38;2;0;0;0m  [38;2;59;57;42m.[38;2;253;252;235mM[38;2;254;254;248mM[38;2;227;223;182mX[38;2;207;198;162m0[38;2;8;7;7m [38;2;100;100;100m [38;2;81;81;81m [38;2;28;28;28m [38;2;0;0;0m   [0m
[0m[38;2;26;22;24m [38;2;108;81;97m;[38;2;165;122;151mo[38;2;197;143;180mx[38;2;182;136;170md[38;2;150;113;143ml[38;2;115;88;111m;[38;2;76;57;72m'[38;2;53;43;51m.[38;2;121;98;113m:[38;2;172;145;157md[38;2;205;157;181mk[38;2;222;165;197mO[38;2;222;157;188mO[38;2;186;136;160md[38;2;178;164;138mx[38;2;255;254;251mM[38;2;253;253;239mM[38;2;215;211;160mK[38;2;254;246;197mW[38;2;70;69;59m'[38;2;0;0;0m  [38;2;27;26;20m [38;2;253;251;226mW[38;2;255;255;255mM[38;2;244;241;202mN[38;2;230;226;171mX[38;2;119;119;97mc[38;2;2;2;2m [38;2;0;0;0m     [0m
[0m[38;2;139;114;129ml[38;2;149;104;130mc[38;2;30;22;28m [38;2;33;26;31m [38;2;51;51;51m [38;2;100;100;100m [38;2;25;19;23m [38;2;87;65;77m'[38;2;186;143;167mx[38;2;189;146;167mx[38;2;202;153;177mk[38;2;194;137;164mx[38;2;128;87;108m:[38;2;135;135;135m [38;2;98;98;98m [38;2;138;138;138m [38;2;187;185;171mO[38;2;226;223;201mX[38;2;212;207;167mK[38;2;12;12;11m [38;2;94;94;94m [38;2;8;8;8m [38;2;0;0;0m [38;2;23;23;23m [38;2;86;85;72m,[38;2;218;216;205mX[38;2;217;215;194mK[38;2;95;93;74m;[38;2;116;116;116m [38;2;11;11;11m [38;2;0;0;0m     [0m
[0m[38;2;83;83;83m [38;2;18;15;16m [38;2;16;13;15m [38;2;4;4;4m [38;2;0;0;0m  [38;2;12;12;12m [38;2;52;52;52m [38;2;78;78;78m [38;2;86;86;86m [38;2;68;68;68m [38;2;62;62;62m [38;2;25;25;25m [38;2;1;1;1m [38;2;0;0;0m [38;2;2;2;2m [38;2;27;27;27m [38;2;18;18;18m [38;2;17;17;17m [38;2;5;5;5m [38;2;0;0;0m    [38;2;20;20;20m [38;2;22;22;22m [38;2;32;32;32m [38;2;25;25;25m [38;2;0;0;0m       [0m
