[0m[38;2;0;0;0m                                     [38;2;2;2;2m [38;2;39;29;37m.[38;2;59;48;57m.[38;2;123;104;120m:[38;2;139;119;135ml[38;2;147;124;142mo[38;2;147;118;141mo[38;2;85;64;81m,[38;2;14;14;14m [38;2;8;8;8m [38;2;0;0;0m [38;2;0;0;0m            [0m
[0m[38;2;0;0;0m                                   [38;2;7;7;7m [38;2;27;20;26m [38;2;153;126;146mo[38;2;172;155;164mx[38;2;205;187;195m0[38;2;228;206;216mK[38;2;242;216;228mX[38;2;243;217;229mN[38;2;245;223;233mN[38;2;228;207;217mX[38;2;193;166;181mk[38;2;161;145;154md[38;2;170;159;164mx[38;2;172;156;166mx[38;2;144;123;139ml[38;2;113;94;110m:[38;2;67;51;64m.[38;2;13;9;12m [38;2;6;6;6m [38;2;0;0;0m      [0m
[0m[38;2;0;0;0m                                 [38;2;1;1;1m [38;2;15;11;14m [38;2;120;96;116m:[38;2;174;155;167mx[38;2;206;187;198m0[38;2;228;194;214mK[38;2;228;188;211m0[38;2;228;184;209m0[38;2;229;188;212mK[38;2;230;191;214mK[38;2;229;193;212mK[38;2;237;205;221mX[38;2;247;227;237mN[38;2;251;234;242mW[38;2;228;188;207m0[38;2;198;161;178mk[38;2;232;202;216mK[38;2;226;206;215mK[38;2;200;179;189mO[38;2;190;162;179mk[38;2;189;158;182mk[38;2;124;92;117m:[38;2;6;4;6m [38;2;0;0;0m    [0m
[0m[38;2;0;0;0m                                [38;2;7;5;7m [38;2;40;32;39m.[38;2;106;103;105m:[38;2;196;175;185mO[38;2;236;186;212mK[38;2;221;160;191mO[38;2;184;120;152mo[38;2;179;112;148mo[38;2;173;104;140ml[38;2;178;104;141ml[38;2;187;116;152mo[38;2;224;156;200mO[38;2;227;184;214m0[38;2;229;190;210mK[38;2;242;203;222mX[38;2;252;236;243mW[38;2;243;196;218mK[38;2;185;141;162mx[38;2;247;215;229mN[38;2;219;201;210mK[38;2;233;199;215mK[38;2;216;191;205m0[38;2;217;182;201m0[38;2;195;175;190mO[38;2;44;34;42m.[38;2;0;0;0m   [0m
[0m[38;2;0;0;0m                               [38;2;2;1;2m [38;2;35;28;34m.[38;2;77;67;75m'[38;2;178;145;160md[38;2;229;170;201mO[38;2;220;160;191mO[38;2;160;101;131ml[38;2;199;135;170mx[38;2;219;141;183mk[38;2;224;135;182mx[38;2;218;121;168md[38;2;197;109;151mo[38;2;162;119;124ml[38;2;213;141;182mx[38;2;218;168;204mO[38;2;231;188;208mK[38;2;248;213;229mX[38;2;242;185;212mK[38;2;197;145;169mx[38;2;230;190;208mK[38;2;223;193;207mK[38;2;246;210;227mX[38;2;203;166;186mk[38;2;215;192;205m0[38;2;230;200;216mK[38;2;204;173;191mO[38;2;41;33;39m.[38;2;0;0;0m  [0m
[0m[38;2;0;0;0m                               [38;2;10;7;9m [38;2;52;43;50m.[38;2;108;88;101m;[38;2;227;165;195mO[38;2;234;186;217mK[38;2;164;117;143mo[38;2;217;138;175mx[38;2;206;131;174mx[38;2;209;146;184mk[38;2;165;106;139ml[38;2;102;70;87m,[38;2;115;106;105m:[38;2;240;231;188mN[38;2;205;188;161mO[38;2;211;170;194mO[38;2;211;187;196m0[38;2;211;192;188m0[38;2;201;180;169mO[38;2;190;174;155mk[38;2;202;183;177mO[38;2;222;200;200mK[38;2;215;182;180m0[38;2;194;166;161mk[38;2;185;150;159mx[38;2;205;158;181mk[38;2;231;205;218mK[38;2;166;150;159md[38;2;48;48;48m.[38;2;48;48;48m.[0m
[0m[38;2;0;0;0m                             [38;2;5;5;5m [38;2;13;13;12m [38;2;40;34;32m.[38;2;44;33;42m.[38;2;107;88;98m:[38;2;230;171;199m0[38;2;231;189;217mK[38;2;192;144;172mx[38;2;232;146;190mk[38;2;209;132;175mx[38;2;196;149;183mx[38;2;34;30;33m.[38;2;177;189;191mO[38;2;160;166;162mx[38;2;243;240;233mW[38;2;255;254;253mM[38;2;245;243;240mW[38;2;202;197;194m0[38;2;165;160;156mx[38;2;172;165;161mx[38;2;220;212;209mK[38;2;241;235;232mN[38;2;255;255;255mM[38;2;255;255;255mM[38;2;254;254;251mM[38;2;249;249;232mW[38;2;193;189;169mO[38;2;220;208;183mK[38;2;231;227;201mX[38;2;233;229;197mN[38;2;139;138;136mo[0m
[0m[38;2;0;0;0m                        [38;2;20;20;20m [38;2;62;60;52m.[38;2;70;67;51m'[38;2;11;10;7m [38;2;0;0;0m [38;2;9;9;9m [38;2;224;219;192mX[38;2;237;233;195mN[38;2;202;186;183mO[38;2;99;87;95m;[38;2;183;145;163mx[38;2;232;194;214mK[38;2;226;185;209m0[38;2;210;150;183mk[38;2;195;141;175mx[38;2;175;144;160md[38;2;177;193;185mO[38;2;232;234;224mN[38;2;249;248;246mW[38;2;255;255;254mM[38;2;197;193;193m0[38;2;66;61;58m.[38;2;18;17;17m [38;2;85;85;85m,[38;2;126;146;145mo[38;2;49;52;50m.[38;2;159;147;140md[38;2;249;248;248mW[38;2;255;255;255mMM[38;2;253;253;238mM[38;2;251;248;209mW[38;2;254;253;245mM[38;2;240;240;224mW[38;2;226;225;214mX[38;2;18;18;18m [0m
[0m[38;2;0;0;0m                       [38;2;6;6;6m [38;2;34;34;30m.[38;2;254;243;184mW[38;2;253;248;226mW[38;2;241;238;217mN[38;2;168;167;158mx[38;2;84;83;80m,[38;2;33;33;30m.[38;2;237;229;176mN[38;2;250;249;209mW[38;2;218;216;215mX[38;2;133;121;125ml[38;2;200;152;175mk[38;2;236;198;218mK[38;2;213;200;171m0[38;2;242;237;211mN[38;2;241;238;228mN[38;2;255;254;247mM[38;2;255;255;255mM[38;2;255;255;255mM[38;2;225;233;232mN[38;2;73;94;94m;[38;2;18;18;18m [38;2;39;40;40m.[38;2;118;134;134ml[38;2;164;204;203m0[38;2;148;149;149md[38;2;92;89;87m;[38;2;225;225;225mX[38;2;255;255;255mM[38;2;255;255;255mM[38;2;255;254;248mM[38;2;254;250;225mW[38;2;241;239;219mN[38;2;217;216;212mX[38;2;214;209;211mK[38;2;63;62;63m.[0m
[0m[38;2;0;0;0m                        [38;2;16;16;16m [38;2;96;96;96m [38;2;87;83;61m,[38;2;252;243;185mW[38;2;251;248;204mW[38;2;252;251;232mM[38;2;217;216;214mX[38;2;183;180;165mk[38;2;220;214;160mK[38;2;251;249;211mW[38;2;224;223;217mX[38;2;158;148;147md[38;2;199;162;181mk[38;2;214;197;198m0[38;2;212;196;182m0[38;2;191;146;149mx[38;2;233;231;222mN[38;2;255;255;255mM[38;2;255;255;255mM[38;2;230;231;230mN[38;2;182;204;204m0[38;2;176;201;201m0[38;2;206;226;226mX[38;2;212;228;228mX[38;2;231;231;229mN[38;2;129;129;121ml[38;2;161;161;161mx[38;2;235;235;235mN[38;2;255;255;255mM[38;2;255;255;255mM[38;2;240;240;239mW[38;2;215;202;208mK[38;2;204;189;196m0[38;2;231;207;218mX[38;2;238;211;227mX[38;2;90;89;90m;[0m
[0m[38;2;0;0;0m                  [38;2;3;3;3m [38;2;5;5;5m [38;2;7;7;7m [38;2;7;7;7m [38;2;12;12;12m [38;2;11;11;11m [38;2;0;0;0m  [38;2;29;29;29m [38;2;110;110;110m [38;2;54;51;36m.[38;2;235;228;170mX[38;2;250;248;201mW[38;2;253;253;240mM[38;2;234;232;218mN[38;2;201;194;151m0[38;2;238;237;232mN[38;2;204;199;170m0[38;2;169;145;154md[38;2;198;173;187mO[38;2;190;170;176mk[38;2;204;197;175m0[38;2;253;252;237mM[38;2;254;254;248mM[38;2;255;255;254mM[38;2;253;243;247mW[38;2;234;211;219mX[38;2;230;207;214mX[38;2;228;207;213mK[38;2;223;206;208mK[38;2;223;211;206mK[38;2;252;247;245mW[38;2;249;249;249mW[38;2;255;255;255mM[38;2;255;255;254mM[38;2;254;247;227mW[38;2;204;164;169mk[38;2;223;158;186mO[38;2;243;202;221mX[38;2;223;191;205m0[38;2;235;213;228mX[38;2;21;20;21m [0m
[0m[38;2;0;0;0m             [38;2;2;2;2m [38;2;5;5;5m [38;2;40;38;40m.[38;2;105;96;103m:[38;2;156;136;152mo[38;2;189;165;184mk[38;2;204;170;195mO[38;2;212;169;199mO[38;2;217;170;202mO[38;2;209;163;194mO[38;2;207;162;192mk[38;2;155;139;145mo[38;2;192;186;149mO[38;2;207;204;185m0[38;2;203;199;174m0[38;2;212;207;182mK[38;2;220;217;203mX[38;2;204;192;172m0[38;2;192;181;175mO[38;2;193;174;183mO[38;2;148;140;130mo[38;2;235;231;205mN[38;2;253;252;243mM[38;2;201;188;159mO[38;2;141;108;126mc[38;2;241;215;227mX[38;2;223;171;197mO[38;2;200;151;162mx[38;2;213;179;168mO[38;2;216;196;171m0[38;2;227;219;194mX[38;2;248;242;215mW[38;2;254;244;228mW[38;2;253;244;238mW[38;2;253;247;250mM[38;2;254;252;253mM[38;2;255;255;255mM[38;2;255;255;255mM[38;2;255;253;251mM[38;2;242;233;208mN[38;2;202;160;158mk[38;2;215;153;180mk[38;2;237;182;208m0[38;2;228;196;211mK[38;2;228;201;217mK[38;2;73;69;72m'[38;2;48;48;48m [0m
[0m[38;2;0;0;0m           [38;2;1;1;1m [38;2;23;20;23m [38;2;108;91;105m;[38;2;195;169;190mk[38;2;225;185;215m0[38;2;238;190;223mK[38;2;240;198;225mK[38;2;241;197;226mK[38;2;245;204;232mX[38;2;245;206;236mX[38;2;245;208;237mX[38;2;244;202;236mX[38;2;242;193;231mK[38;2;217;175;203mO[38;2;227;200;191mK[38;2;227;207;179mK[38;2;232;220;179mX[38;2;252;244;204mW[38;2;173;159;160mx[38;2;212;192;201m0[38;2;187;143;166mx[38;2;153;139;123mo[38;2;229;218;171mX[38;2;199;193;154mO[38;2;255;251;228mM[38;2;210;196;181m0[38;2;143;109;124mc[38;2;230;211;219mX[38;2;233;193;213mK[38;2;211;137;173mx[38;2;233;142;188mk[38;2;223;133;174mx[38;2;190;116;141mo[38;2;249;240;188mN[38;2;255;248;208mW[38;2;255;254;248mM[38;2;255;255;255mM[38;2;255;255;255mM[38;2;254;253;254mM[38;2;242;237;236mW[38;2;217;200;200mK[38;2;199;155;173mk[38;2;225;163;190mO[38;2;237;187;211mK[38;2;218;185;200m0[38;2;229;201;219mK[38;2;69;65;69m'[38;2;71;71;71m [38;2;0;0;0m [0m
[0m[38;2;0;0;0m          [38;2;7;7;7m [38;2;38;31;37m.[38;2;168;145;164md[38;2;222;187;214m0[38;2;235;188;218mK[38;2;242;211;230mX[38;2;247;218;240mN[38;2;245;204;235mX[38;2;242;192;228mK[38;2;233;184;217m0[38;2;231;186;217mK[38;2;227;180;210m0[38;2;224;164;198mO[38;2;209;147;181mk[38;2;201;135;170mx[38;2;198;127;163md[38;2;206;136;174mx[38;2;220;156;192mk[38;2;217;176;200mO[38;2;170;140;155md[38;2;236;213;224mX[38;2;187;139;164md[38;2;179;156;167mx[38;2;193;178;173mO[38;2;222;204;195mK[38;2;216;193;195m0[38;2;178;147;166mx[38;2;178;147;163mx[38;2;218;199;207mK[38;2;222;184;203m0[38;2;217;148;182mk[38;2;231;145;189mk[38;2;194;114;149mo[38;2;192;163;142mk[38;2;255;246;194mW[38;2;255;253;246mM[38;2;255;255;255mM[38;2;254;252;254mM[38;2;228;225;228mN[38;2;215;201;208mK[38;2;197;156;174mk[38;2;195;136;162mx[38;2;234;179;207m0[38;2;226;193;208mK[38;2;224;194;210mK[38;2;198;177;192mO[38;2;12;12;12m [38;2;41;41;41m [38;2;0;0;0m  [0m
[0m[38;2;0;0;0m         [38;2;6;5;6m [38;2;33;27;32m.[38;2;159;147;157md[38;2;234;188;223mK[38;2;238;211;226mX[38;2;247;219;240mN[38;2;243;196;232mX[38;2;240;185;222mK[38;2;229;184;211m0[38;2;222;179;205m0[38;2;211;152;185mk[38;2;183;111;145mo[38;2;190;101;141ml[38;2;185;100;139ml[38;2;195;107;148mo[38;2;143;82;110m:[38;2;54;33;43m.[38;2;137;137;137m [38;2;140;140;140m [38;2;129;129;129m [38;2;25;18;22m [38;2;194;142;167mx[38;2;218;192;204m0[38;2;211;180;195mO[38;2;211;174;193mO[38;2;206;162;184mk[38;2;202;168;184mO[38;2;212;168;188mO[38;2;206;163;185mk[38;2;210;155;185mk[38;2;206;137;173mx[38;2;209;131;169mx[38;2;178;110;143mo[38;2;183;157;138mx[38;2;253;245;197mW[38;2;255;253;242mM[38;2;255;254;254mM[38;2;231;227;230mN[38;2;211;192;201m0[38;2;214;172;190mO[38;2;202;150;173mx[38;2;215;159;185mk[38;2;223;174;202m0[38;2;218;189;204m0[38;2;237;203;224mX[38;2;90;83;89m,[38;2;86;86;86m [38;2;9;9;9m [38;2;0;0;0m   [0m
[0m[38;2;0;0;0m        [38;2;1;1;1m [38;2;35;28;34m.[38;2;91;89;91m;[38;2;234;195;226mK[38;2;237;209;225mX[38;2;247;214;239mN[38;2;243;196;231mK[38;2;236;182;217m0[38;2;218;183;204m0[38;2;224;170;202mO[38;2;170;106;138ml[38;2;194;114;152mo[38;2;224;138;177mk[38;2;223;148;183mk[38;2;47;32;40m.[38;2;18;13;17m [38;2;87;87;87m [38;2;35;35;35m [38;2;1;1;1m [38;2;5;5;5m [38;2;14;14;14m [38;2;48;48;48m [38;2;163;156;145mx[38;2;216;193;189m0[38;2;202;149;169mx[38;2;195;149;166mx[38;2;193;139;165mx[38;2;195;136;167mx[38;2;178;118;149mo[38;2;182;128;148md[38;2;182;135;146md[38;2;197;155;154mx[38;2;212;183;164mO[38;2;236;229;211mN[38;2;255;252;238mM[38;2;255;254;251mM[38;2;251;246;240mW[38;2;212;198;190m0[38;2;216;162;184mO[38;2;214;167;187mO[38;2;191;148;167mx[38;2;224;164;193mO[38;2;208;160;185mk[38;2;229;193;214mK[38;2;209;176;195mO[38;2;27;26;26m [38;2;50;50;50m [38;2;0;0;0m     [0m
[0m[38;2;0;0;0m        [38;2;20;15;19m [38;2;15;14;15m [38;2;159;147;157md[38;2;238;192;224mK[38;2;243;230;237mN[38;2;242;191;229mK[38;2;241;186;223mK[38;2;214;162;191mO[38;2;228;168;203mO[38;2;158;101;129mc[38;2;215;116;161md[38;2;222;146;182mk[38;2;235;165;199mO[38;2;59;45;54m.[38;2;9;6;8m [38;2;15;15;15m [38;2;0;0;0m     [38;2;9;9;9m [38;2;132;129;107ml[38;2;253;250;242mM[38;2;243;236;236mW[38;2;252;245;229mW[38;2;239;228;215mN[38;2;216;194;192m0[38;2;230;221;199mX[38;2;253;250;220mW[38;2;253;251;230mM[38;2;255;253;243mM[38;2;255;255;253mM[38;2;255;255;255mMM[38;2;254;249;243mM[38;2;198;172;160mk[38;2;212;138;169mx[38;2;219;198;207mK[38;2;196;164;178mk[38;2;219;165;193mO[38;2;194;135;165md[38;2;243;203;224mX[38;2;168;148;158md[38;2;15;15;15m [38;2;20;20;20m [38;2;0;0;0m      [0m
[0m[38;2;0;0;0m        [38;2;17;12;17m [38;2;6;6;6m [38;2;176;156;172mx[38;2;237;212;228mX[38;2;244;217;232mN[38;2;242;190;229mK[38;2;240;180;220m0[38;2;203;161;181mk[38;2;230;157;196mO[38;2;146;92;117mc[38;2;232;140;180mk[38;2;222;146;186mk[38;2;195;134;161md[38;2;46;35;44m.[38;2;6;5;6m [38;2;0;0;0m       [38;2;26;25;19m [38;2;245;231;206mN[38;2;235;220;231mX[38;2;253;247;250mW[38;2;255;255;255mM[38;2;252;239;245mW[38;2;253;249;246mM[38;2;254;253;244mM[38;2;254;253;243mM[38;2;254;253;242mM[38;2;253;253;241mM[38;2;253;253;241mM[38;2;255;255;255mM[38;2;242;223;213mN[38;2;189;120;148mo[38;2;209;181;193mO[38;2;190;160;173mk[38;2;223;176;200m0[38;2;165;115;142ml[38;2;241;195;223mK[38;2;190;160;175mk[38;2;17;17;17m [38;2;15;15;15m [38;2;0;0;0m       [0m
[0m[38;2;0;0;0m        [38;2;11;8;10m [38;2;5;4;4m [38;2;135;126;133ml[38;2;237;209;226mX[38;2;229;189;209mK[38;2;243;197;231mK[38;2;242;190;227mK[38;2;210;160;187mk[38;2;226;167;198mO[38;2;185;125;155md[38;2;197;120;153md[38;2;220;136;177mx[38;2;197;121;156md[38;2;101;79;97m,[38;2;14;10;13m [38;2;0;0;0m       [38;2;61;61;61m [38;2;75;72;56m'[38;2;255;254;248mM[38;2;255;255;255mM[38;2;254;254;251mM[38;2;251;250;215mW[38;2;226;223;165mX[38;2;234;230;172mX[38;2;24;23;17m [38;2;132;132;132m [38;2;3;3;2m [38;2;209;205;170m0[38;2;255;254;248mM[38;2;249;222;198mN[38;2;163;106;129ml[38;2;215;176;193mO[38;2;197;158;176mk[38;2;166;126;149mo[38;2;210;146;182mk[38;2;227;189;210m0[38;2;135;106;127mc[38;2;6;5;6m [38;2;6;6;6m [38;2;8;8;8m [38;2;2;2;2m [38;2;0;0;0m     [0m
[0m[38;2;0;0;0m        [38;2;14;14;14m [38;2;126;126;126m [38;2;126;108;123mc[38;2;225;212;222mX[38;2;236;201;220mK[38;2;232;179;210m0[38;2;238;191;224mK[38;2;240;182;218mK[38;2;218;160;195mO[38;2;212;156;183mk[38;2;217;148;181mk[38;2;192;129;156md[38;2;211;129;167mx[38;2;135;91;115m:[38;2;101;74;96m,[38;2;6;4;6m [38;2;0;0;0m    [38;2;6;6;6m [38;2;137;134;117ml[38;2;170;166;146mx[38;2;232;227;198mX[38;2;255;253;245mM[38;2;251;249;222mW[38;2;211;209;167mK[38;2;207;201;151m0[38;2;118;117;91mc[38;2;88;88;88m [38;2;13;13;13m [38;2;0;0;0m [38;2;11;11;9m [38;2;233;227;183mX[38;2;255;255;255mM[38;2;254;247;217mW[38;2;232;194;183mK[38;2;182;138;154md[38;2;195;155;174mk[38;2;181;122;153mo[38;2;208;146;180mk[38;2;212;167;192mO[38;2;169;137;162md[38;2;113;89;103m:[38;2;116;91;106m:[38;2;61;58;61m.[38;2;93;89;91m;[38;2;3;3;3m [38;2;0;0;0m    [0m
[0m[38;2;0;0;0m         [38;2;3;3;3m [38;2;42;33;40m.[38;2;195;164;184mk[38;2;212;191;203m0[38;2;238;208;226mX[38;2;232;188;215mK[38;2;235;187;218mK[38;2;234;181;210m0[38;2;229;170;206m0[38;2;205;148;182mk[38;2;204;140;173mx[38;2;203;136;168mx[38;2;193;124;155md[38;2;155;118;145ml[38;2;108;79;103m;[38;2;9;6;8m [38;2;0;0;0m  [38;2;23;22;15m [38;2;191;187;161mO[38;2;255;254;252mM[38;2;255;255;255mM[38;2;251;251;224mW[38;2;243;237;189mN[38;2;207;203;164m0[38;2;247;238;183mN[38;2;114;110;88m:[38;2;36;36;36m [38;2;0;0;0m   [38;2;55;52;38m.[38;2;252;248;207mW[38;2;255;255;255mM[38;2;255;255;254mM[38;2;253;250;222mW[38;2;212;197;176m0[38;2;198;145;161mx[38;2;179;132;160md[38;2;180;111;144mo[38;2;211;148;180mk[38;2;214;170;197mO[38;2;174;136;159md[38;2;156;124;143mo[38;2;133;108;120mc[38;2;37;32;34m.[38;2;19;19;19m [38;2;0;0;0m    [0m
[0m[38;2;0;0;0m          [38;2;49;49;49m [38;2;35;28;33m.[38;2;137;109;124mc[38;2;195;146;169mx[38;2;209;172;191mO[38;2;224;188;210m0[38;2;234;195;221mK[38;2;228;179;205m0[38;2;228;168;199mO[38;2;229;170;205m0[38;2;208;158;186mk[38;2;200;141;170mx[38;2;182;128;156md[38;2;136;103;125mc[38;2;118;93;114m:[38;2;6;4;6m [38;2;6;6;4m [38;2;174;167;121mx[38;2;254;251;234mM[38;2;255;255;255mM[38;2;253;253;244mM[38;2;249;247;195mW[38;2;194;187;141mO[38;2;254;244;190mW[38;2;215;207;163m0[38;2;48;48;48m [38;2;0;0;0m    [38;2;93;90;65m;[38;2;252;249;212mW[38;2;255;255;255mM[38;2;255;255;255mM[38;2;252;250;223mW[38;2;209;203;167m0[38;2;248;238;189mN[38;2;103;84;88m;[38;2;3;3;3m [38;2;105;79;94m,[38;2;93;66;81m,[38;2;32;23;28m [38;2;14;11;13m [38;2;21;20;21m [38;2;21;21;21m [38;2;0;0;0m     [0m
[0m[38;2;0;0;0m      [38;2;6;6;6m [38;2;2;2;2m [38;2;0;0;0m   [38;2;24;24;24m [38;2;92;92;92m [38;2;130;130;130m [38;2;3;2;3m [38;2;125;92;108m:[38;2;194;153;173mx[38;2;205;162;186mk[38;2;221;178;203m0[38;2;218;169;195mO[38;2;230;168;204mO[38;2;235;165;204mO[38;2;206;147;177mx[38;2;185;134;157md[38;2;152;115;135ml[38;2;137;110;132ml[38;2;109;101;76m:[38;2;226;218;174mX[38;2;255;255;253mM[38;2;255;255;255mM[38;2;252;252;229mW[38;2;249;244;183mW[38;2;212;205;160m0[38;2;255;245;187mW[38;2;136;132;110ml[38;2;10;10;10m [38;2;0;0;0m    [38;2;118;113;83mc[38;2;252;249;211mW[38;2;255;255;255mM[38;2;255;255;255mM[38;2;251;251;226mW[38;2;214;208;166mK[38;2;244;241;182mN[38;2;184;183;147mk[38;2;3;3;3m [38;2;35;35;35m [38;2;61;61;61m [38;2;48;48;48m [38;2;37;37;37m [38;2;10;10;10m [38;2;0;0;0m      [0m
[0m[38;2;0;0;0m [38;2;3;3;3m [38;2;31;23;27m [38;2;112;81;103m;[38;2;177;129;162md[38;2;208;153;192mk[38;2;193;144;182mx[38;2;150;111;143ml[38;2;35;26;33m.[38;2;53;39;51m.[38;2;71;71;71m [38;2;10;7;9m [38;2;3;3;3m [38;2;0;0;0m [38;2;8;8;8m [38;2;26;26;26m [38;2;4;3;4m [38;2;133;110;121mc[38;2;186;149;166mx[38;2;206;156;183mk[38;2;211;148;177mk[38;2;226;179;210m0[38;2;238;171;205m0[38;2;206;156;178mk[38;2;174;110;138ml[38;2;176;145;162md[38;2;129;123;96mc[38;2;255;248;213mW[38;2;255;255;255mM[38;2;255;255;255mM[38;2;251;250;220mW[38;2;234;228;170mX[38;2;220;212;167mK[38;2;255;245;192mW[38;2;161;158;137mx[38;2;14;14;14m [38;2;0;0;0m    [38;2;87;83;61m,[38;2;252;248;206mW[38;2;255;255;255mM[38;2;255;255;255mM[38;2;253;253;239mM[38;2;251;245;195mW[38;2;208;203;156m0[38;2;246;245;185mW[38;2;108;108;93m:[38;2;3;3;3m [38;2;0;0;0m          [0m
[0m[38;2;31;28;29m [38;2;166;131;151mo[38;2;184;133;163md[38;2;180;130;159md[38;2;178;127;158md[38;2;179;126;157md[38;2;181;123;156mo[38;2;193;139;170mx[38;2;184;136;167md[38;2;190;142;176mx[38;2;180;135;170md[38;2;174;132;166md[38;2;179;134;171md[38;2;132;103;127mc[38;2;106;85;101m;[38;2;113;91;107m:[38;2;140;112;128ml[38;2;126;99;112m:[38;2;205;189;198m0[38;2;216;157;186mk[38;2;186;132;156md[38;2;215;171;200mO[38;2;237;172;209m0[38;2;214;139;170mx[38;2;204;136;166mx[38;2;205;171;190mO[38;2;144;134;104mo[38;2;255;251;228mM[38;2;255;255;255mMM[38;2;251;250;219mW[38;2;246;240;182mN[38;2;182;180;149mk[38;2;254;247;201mW[38;2;241;232;183mN[38;2;56;55;49m.[38;2;0;0;0m [38;2;0;0;0m   [38;2;23;23;18m [38;2;253;245;190mW[38;2;254;254;247mM[38;2;255;255;255mM[38;2;255;255;254mM[38;2;250;249;212mW[38;2;226;218;165mK[38;2;232;227;173mX[38;2;238;237;180mN[38;2;99;99;90m;[38;2;0;0;0m [38;2;0;0;0m         [0m
[0m[38;2;139;117;132ml[38;2;218;169;198mO[38;2;135;92;112m:[38;2;62;44;57m.[38;2;105;105;105m [38;2;65;65;65m [38;2;43;43;43m [38;2;49;49;49m [38;2;101;101;101m [38;2;23;18;21m [38;2;135;102;119m:[38;2;185;124;155md[38;2;201;136;170mx[38;2;200;141;172mx[38;2;198;151;177mx[38;2;202;166;184mk[38;2;214;173;193mO[38;2;229;175;202m0[38;2;220;170;195mO[38;2;192;134;160md[38;2;199;139;169mx[38;2;220;140;180mx[38;2;214;122;163md[38;2;198;134;164mx[38;2;83;67;75m'[38;2;104;104;104m [38;2;109;107;97m:[38;2;255;253;245mM[38;2;255;254;251mM[38;2;255;254;251mM[38;2;253;252;234mM[38;2;252;247;203mW[38;2;206;203;176m0[38;2;53;53;46m.[38;2;161;161;161m [38;2;118;118;118m [38;2;26;26;26m [38;2;0;0;0m   [38;2;30;30;30m [38;2;172;166;135mx[38;2;254;252;233mM[38;2;255;255;255mM[38;2;255;255;255mM[38;2;254;254;247mM[38;2;252;248;205mW[38;2;243;236;195mN[38;2;112;111;95mc[38;2;87;87;87m [38;2;7;7;7m [38;2;0;0;0m         [0m
[0m[38;2;31;24;28m [38;2;151;114;133ml[38;2;119;94;108m:[38;2;172;129;164mo[38;2;59;49;57m.[38;2;71;69;70m'[38;2;8;7;8m [38;2;0;0;0m [38;2;2;2;2m [38;2;30;30;30m [38;2;73;73;73m [38;2;105;105;105m [38;2;122;122;122m [38;2;145;145;145m [38;2;149;149;149m [38;2;3;2;3m [38;2;50;40;45m.[38;2;19;14;17m [38;2;2;2;2m [38;2;109;80;95m;[38;2;21;15;18m [38;2;103;103;103m [38;2;79;79;79m [38;2;51;51;51m [38;2;19;19;19m [38;2;0;0;0m [38;2;45;45;45m [38;2;119;119;119m [38;2;124;124;124m [38;2;121;121;121m [38;2;123;123;123m [38;2;119;119;119m [38;2;111;111;111m [38;2;53;53;53m [38;2;0;0;0m       [38;2;71;71;71m [38;2;109;109;109m [38;2;110;110;110m [38;2;123;123;123m [38;2;121;121;121m [38;2;109;109;109m [38;2;81;81;81m [38;2;39;39;39m [38;2;0;0;0m           [0m
[0m[38;2;25;25;25m [38;2;10;9;10m [38;2;18;17;18m [38;2;66;66;66m [38;2;15;13;14m [38;2;10;9;9m [38;2;39;39;39m [38;2;0;0;0m      [38;2;7;7;7m [38;2;16;16;16m [38;2;51;51;51m [38;2;35;35;35m [38;2;39;39;39m [38;2;30;30;30m [38;2;36;36;36m [38;2;16;16;16m [38;2;0;0;0m                                       [0m
