[0m[38;2;0;0;0m      [38;2;0;0;0m [38;2;4;4;4m [38;2;82;59;69m'[38;2;138;132;135mo[38;2;62;45;53m.[38;2;6;6;6m [38;2;0;0;0m                       [0m
[0m[38;2;2;2;2m [38;2;7;7;7m [38;2;86;78;81m,[38;2;133;118;125ml[38;2;144;123;132ml[38;2;107;86;95m;[38;2;138;117;126ml[38;2;170;126;146mo[38;2;223;170;196mO[38;2;222;172;195mO[38;2;232;199;214mK[38;2;183;174;178mk[38;2;32;32;32m.[38;2;0;0;0m [38;2;0;0;0m                     [0m
[0m[38;2;13;13;13m [38;2;165;146;155md[38;2;236;177;203m0[38;2;222;127;171mx[38;2;213;112;160md[38;2;213;106;157mo[38;2;218;114;163md[38;2;224;140;178mk[38;2;207;110;159mo[38;2;209;125;165md[38;2;229;160;194mO[38;2;223;181;200m0[38;2;185;166;175mk[38;2;70;57;63m.[38;2;108;106;107m:[38;2;113;107;110m:[38;2;52;33;41m.[38;2;15;6;10m [38;2;2;2;2m [38;2;0;0;0m                [0m
[0m[38;2;19;18;18m [38;2;36;30;33m.[38;2;222;161;188mO[38;2;60;32;46m.[38;2;12;12;12m [38;2;4;2;3m [38;2;91;44;66m.[38;2;182;90;137ml[38;2;213;136;172mx[38;2;227;151;190mk[38;2;207;160;183mk[38;2;215;152;183mk[38;2;178;115;149mo[38;2;237;182;209m0[38;2;236;182;208m0[38;2;213;130;171mx[38;2;214;146;177mk[38;2;201;175;187mO[38;2;14;14;14m [38;2;7;7;7m [38;2;0;0;0m               [0m
[0m[38;2;46;46;46m [38;2;16;11;13m [38;2;20;12;16m [38;2;29;29;29m [38;2;2;2;2m [38;2;48;48;48m.[38;2;207;191;199m0[38;2;241;235;238mN[38;2;218;199;208mK[38;2;146;135;140mo[38;2;206;197;201m0[38;2;147;144;150md[38;2;202;190;196m0[38;2;212;155;184mk[38;2;199;132;168md[38;2;204;164;184mk[38;2;226;202;213mK[38;2;200;129;163md[38;2;64;61;62m.[38;2;9;9;9m [38;2;0;0;0m               [0m
[0m[38;2;0;0;0m [38;2;2;2;2m [38;2;2;2;2m [38;2;0;0;0m [38;2;31;31;32m [38;2;172;176;180mk[38;2;222;217;219mX[38;2;255;254;254mM[38;2;137;140;148mo[38;2;107;115;118mc[38;2;165;172;175mk[38;2;154;160;166mx[38;2;165;142;154md[38;2;219;189;204m0[38;2;230;198;213mK[38;2;231;203;216mK[38;2;222;192;206m0[38;2;194;105;154mo[38;2;38;35;36m.[38;2;6;6;6m [38;2;0;0;0m   [38;2;1;1;1m [38;2;21;17;19m [38;2;43;36;39m.[38;2;33;30;32m.[38;2;7;7;7m [38;2;0;0;0m       [0m
[0m[38;2;0;0;0m   [38;2;6;6;6m [38;2;27;24;25m [38;2;221;211;216mX[38;2;226;217;222mX[38;2;255;255;255mM[38;2;251;245;248mW[38;2;240;222;230mN[38;2;220;194;206mK[38;2;200;165;182mk[38;2;173;119;145mo[38;2;208;176;192mO[38;2;237;205;219mX[38;2;203;126;166md[38;2;220;144;184mk[38;2;217;153;188mk[38;2;171;138;156md[38;2;41;36;39m.[38;2;20;6;14m [38;2;100;61;81m'[38;2;173;115;141mo[38;2;211;153;181mk[38;2;233;162;197mO[38;2;233;160;196mO[38;2;237;177;205m0[38;2;224;197;209mK[38;2;123;114;118mc[38;2;1;1;1m [38;2;0;0;0m     [0m
[0m[38;2;0;0;0m    [38;2;16;16;16m [38;2;30;18;24m [38;2;209;178;185mO[38;2;255;254;254mM[38;2;255;254;254mM[38;2;193;171;183mk[38;2;220;146;183mk[38;2;223;175;197m0[38;2;217;146;180mk[38;2;204;131;166mx[38;2;204;137;169mx[38;2;216;161;187mO[38;2;242;201;222mX[38;2;230;158;196mO[38;2;222;136;180mx[38;2;135;90;114mc[38;2;199;122;162md[38;2;222;145;183mk[38;2;228;143;186mk[38;2;227;136;181mk[38;2;228;143;184mk[38;2;240;167;201m0[38;2;246;196;219mK[38;2;232;189;208mK[38;2;192;153;171mx[38;2;159;134;145mo[38;2;169;126;145mo[38;2;157;121;137mo[38;2;139;94;114m:[38;2;121;62;88m,[38;2;31;11;20m [0m
[0m[38;2;0;0;0m     [38;2;7;7;7m [38;2;34;34;34m [38;2;51;51;51m [38;2;42;38;40m.[38;2;223;201;211mK[38;2;177;140;159md[38;2;170;83;129mc[38;2;217;137;177mx[38;2;185;88;139ml[38;2;194;124;160md[38;2;82;44;64m.[38;2;114;67;92m,[38;2;168;100;135ml[38;2;109;75;92m;[38;2;137;72;106m;[38;2;167;93;132mc[38;2;165;93;129mc[38;2;200;123;161md[38;2;201;108;157mo[38;2;187;80;136mc[38;2;206;113;159md[38;2;231;167;197mO[38;2;233;185;208m0[38;2;234;178;203m0[38;2;228;173;197m0[38;2;226;182;201m0[38;2;244;207;224mX[38;2;247;204;223mX[38;2;247;217;230mN[38;2;70;35;51m.[0m
[0m[38;2;0;0;0m        [38;2;111;103;107m:[38;2;235;221;228mN[38;2;171;120;144mo[38;2;171;93;134mc[38;2;135;85;109m:[38;2;164;118;140mo[38;2;202;175;187mO[38;2;222;205;213mK[38;2;241;227;235mN[38;2;250;242;231mW[38;2;236;232;204mN[38;2;206;174;190mO[38;2;33;26;29m [38;2;140;140;140m [38;2;28;22;25m [38;2;213;147;179mk[38;2;208;125;169md[38;2;216;149;183mk[38;2;230;171;201m0[38;2;228;168;199mO[38;2;191;119;159md[38;2;197;109;155mo[38;2;200;113;157mo[38;2;205;141;169mx[38;2;177;129;150mo[38;2;19;14;16m [38;2;17;17;17m [0m
[0m[38;2;0;0;0m        [38;2;91;81;86m;[38;2;253;241;247mW[38;2;245;235;240mW[38;2;194;165;180mk[38;2;182;144;164mx[38;2;194;177;185mO[38;2;249;247;248mW[38;2;244;225;234mN[38;2;194;232;249mX[38;2;199;236;243mX[38;2;228;243;229mN[38;2;163;212;240m0[38;2;80;69;74m'[38;2;3;3;3m [38;2;58;37;48m.[38;2;209;127;170mx[38;2;173;97;139ml[38;2;184;126;157md[38;2;207;152;178mk[38;2;208;154;181mk[38;2;167;107;139ml[38;2;200;134;168mx[38;2;174;114;143mo[38;2;198;122;162md[38;2;210;167;188mO[38;2;14;14;14m [38;2;7;7;7m [0m
[0m[38;2;0;0;0m        [38;2;5;4;4m [38;2;195;183;189mO[38;2;254;254;254mM[38;2;249;244;246mW[38;2;252;237;244mW[38;2;252;235;243mW[38;2;251;232;241mW[38;2;223;197;209mK[38;2;209;178;193mO[38;2;251;240;236mW[38;2;241;242;240mW[38;2;128;115;119mc[38;2;6;5;5m [38;2;2;1;1m [38;2;33;33;33m [38;2;49;33;41m.[38;2;195;106;156mo[38;2;234;132;182mk[38;2;230;158;190mO[38;2;227;153;188mk[38;2;223;161;192mO[38;2;181;111;145mo[38;2;158;103;130ml[38;2;192;136;163md[38;2;29;22;26m [38;2;6;6;6m [38;2;0;0;0m [0m
[0m[38;2;0;0;0m       [38;2;1;1;1m [38;2;99;94;96m;[38;2;200;190;195m0[38;2;255;255;255mM[38;2;179;167;173mk[38;2;59;59;59m [38;2;93;93;93m [38;2;132;113;122mc[38;2;220;185;202m0[38;2;181;159;169mx[38;2;91;91;91m [38;2;135;118;126ml[38;2;239;222;230mN[38;2;221;209;215mK[38;2;71;53;62m.[38;2;0;0;0m [38;2;5;5;5m [38;2;31;31;31m [38;2;49;49;49m [38;2;43;43;43m [38;2;39;22;31m [38;2;159;91;126mc[38;2;191;129;159md[38;2;191;145;168mx[38;2;175;135;154md[38;2;30;25;28m [38;2;1;1;1m [38;2;0;0;0m [0m
[0m[38;2;0;0;0m       [38;2;0;0;0m [38;2;97;95;96m;[38;2;240;240;240mW[38;2;253;244;248mW[38;2;188;166;176mk[38;2;144;128;136mo[38;2;57;54;55m.[38;2;229;208;218mX[38;2;248;208;226mX[38;2;37;33;35m.[38;2;0;0;0m [38;2;20;20;20m [38;2;213;187;199m0[38;2;255;253;254mM[38;2;180;154;167mx[38;2;5;5;5m [38;2;0;0;0m    [38;2;3;3;3m [38;2;20;20;20m [38;2;20;20;20m [38;2;17;17;17m [38;2;12;12;12m [38;2;7;7;7m [38;2;1;1;1m [38;2;0;0;0m [0m
[0m[38;2;0;0;0m      [38;2;2;2;2m [38;2;72;72;72m,[38;2;236;236;236mN[38;2;254;249;251mM[38;2;236;206;220mX[38;2;199;168;183mk[38;2;252;234;242mW[38;2;202;181;191mO[38;2;240;202;220mX[38;2;105;93;99m:[38;2;11;11;11m [38;2;0;0;0m [38;2;1;1;1m [38;2;111;92;101m:[38;2;253;242;247mW[38;2;253;243;248mW[38;2;171;148;159md[38;2;10;10;10m [38;2;0;0;0m           [0m
[0m[38;2;0;0;0m    [38;2;2;1;1m [38;2;52;45;48m.[38;2;156;156;156md[38;2;253;253;253mM[38;2;253;245;249mW[38;2;248;214;230mN[38;2;89;79;84m,[38;2;236;204;219mX[38;2;194;182;188mO[38;2;219;182;199m0[38;2;180;160;169mx[38;2;28;28;28m [38;2;0;0;0m   [38;2;15;12;13m [38;2;233;207;219mX[38;2;255;253;254mM[38;2;251;233;242mW[38;2;51;44;48m.[38;2;3;3;3m [38;2;0;0;0m          [0m
[0m[38;2;0;0;0m    [38;2;48;48;48m [38;2;114;100;106m:[38;2;250;224;236mN[38;2;249;217;232mN[38;2;236;200;217mX[38;2;6;5;6m [38;2;126;126;126m [38;2;76;71;73m'[38;2;230;197;212mK[38;2;198;171;183mO[38;2;4;4;4m [38;2;0;0;0m    [38;2;17;17;17m [38;2;98;98;98m [38;2;182;182;182m [38;2;111;111;111m [38;2;4;4;4m [38;2;0;0;0m           [0m
[0m[38;2;0;0;0m     [38;2;5;5;5m [38;2;56;56;56m [38;2;9;8;8m [38;2;66;66;66m [38;2;1;1;1m [38;2;0;0;0m [38;2;12;12;12m [38;2;44;44;44m [38;2;53;53;53m [38;2;17;17;17m [38;2;0;0;0m                    [0m
