[0m[38;2;0;0;0m             [38;2;3;3;3m [38;2;41;17;28m.[38;2;25;25;25m [38;2;53;49;51m.[38;2;43;19;30m [38;2;2;2;2m [38;2;4;4;4m [38;2;0;0;0m                                        [0m
[0m[38;2;0;0;0m    [38;2;3;3;3m [38;2;8;8;8m [38;2;7;7;7m [38;2;6;6;6m [38;2;5;2;3m [38;2;7;7;7m [38;2;7;7;7m [38;2;18;18;18m [38;2;39;17;27m [38;2;94;79;86m,[38;2;175;150;162mx[38;2;236;189;211mK[38;2;246;237;241mW[38;2;223;185;202m0[38;2;145;141;143mo[38;2;86;86;86m,[38;2;8;8;8m [38;2;0;0;0m                                       [0m
[0m[38;2;0;0;0m [38;2;0;0;0m [38;2;2;2;2m [38;2;40;40;40m.[38;2;118;109;113mc[38;2;164;147;155md[38;2;200;182;190mO[38;2;198;179;188mO[38;2;184;149;165mx[38;2;119;98;107m:[38;2;175;157;165mx[38;2;186;164;174mk[38;2;167;136;150md[38;2;209;164;184mk[38;2;245;178;210m0[38;2;189;120;157mo[38;2;232;178;202m0[38;2;216;172;191mO[38;2;244;228;235mN[38;2;247;232;239mN[38;2;156;149;152md[38;2;22;22;22m [38;2;1;1;1m [38;2;0;0;0m                                     [0m
[0m[38;2;7;7;7m [38;2;7;7;7m [38;2;111;100;104m:[38;2;231;199;213mK[38;2;237;188;210mK[38;2;226;144;180mk[38;2;218;133;171mx[38;2;232;147;185mk[38;2;225;137;176mx[38;2;223;131;172mx[38;2;209;128;164md[38;2;226;136;176mx[38;2;232;165;195mO[38;2;233;162;194mO[38;2;214;112;165md[38;2;201;123;160md[38;2;229;154;188mO[38;2;215;149;179mk[38;2;252;232;241mW[38;2;221;202;210mK[38;2;242;206;222mX[38;2;181;181;181mO[38;2;5;5;5m [38;2;5;5;5m [38;2;8;8;8m [38;2;18;18;18m [38;2;10;10;10m [38;2;6;6;6m [38;2;0;0;0m                                [0m
[0m[38;2;9;9;9m [38;2;5;5;5m [38;2;225;196;209mK[38;2;242;209;224mX[38;2;238;151;190mO[38;2;238;163;198mO[38;2;214;105;159mo[38;2;209;100;154mo[38;2;207;95;151mo[38;2;217;101;158mo[38;2;219;100;158mo[38;2;216;107;160md[38;2;214;108;156md[38;2;216;141;175mx[38;2;211;109;160md[38;2;202;94;147ml[38;2;204;123;163md[38;2;217;127;171mx[38;2;225;151;189mk[38;2;225;164;192mO[38;2;219;177;196m0[38;2;201;183;191mO[38;2;70;50;61m.[38;2;135;113;123mc[38;2;163;159;161mx[38;2;190;190;190mO[38;2;188;181;184mO[38;2;133;110;121mc[38;2;74;38;53m.[38;2;41;16;27m [38;2;3;2;3m [38;2;6;6;6m [38;2;0;0;0m                            [0m
[0m[38;2;8;8;8m [38;2;13;13;13m [38;2;54;44;49m.[38;2;245;238;241mW[38;2;213;124;164md[38;2;177;99;139ml[38;2;13;9;11m [38;2;29;29;29m [38;2;10;10;10m [38;2;21;21;21m [38;2;67;67;67m [38;2;36;12;24m [38;2;165;63;118m:[38;2;212;112;160md[38;2;216;144;176mk[38;2;240;139;186mk[38;2;225;116;176md[38;2;190;119;153mo[38;2;214;131;173mx[38;2;236;146;189mk[38;2;233;167;197mO[38;2;147;108;127ml[38;2;220;142;182mk[38;2;237;212;223mX[38;2;253;239;245mW[38;2;242;187;214mK[38;2;208;124;168md[38;2;203;127;165md[38;2;192;137;162md[38;2;192;163;176mk[38;2;142;130;136mo[38;2;3;3;3m [38;2;12;12;12m [38;2;0;0;0m                           [0m
[0m[38;2;36;32;34m.[38;2;24;23;23m [38;2;9;5;7m [38;2;173;160;166mx[38;2;201;119;155md[38;2;110;48;79m'[38;2;8;4;6m [38;2;0;0;0m [38;2;3;3;3m [38;2;5;5;5m [38;2;18;15;16m [38;2;161;110;132ml[38;2;180;128;154md[38;2;174;88;132mc[38;2;192;126;156md[38;2;219;163;193mO[38;2;232;203;218mK[38;2;220;204;211mK[38;2;220;204;211mK[38;2;207;174;191mO[38;2;192;148;170mx[38;2;167;92;135mc[38;2;219;116;173md[38;2;250;202;223mX[38;2;230;153;190mO[38;2;202;113;159mo[38;2;213;120;167md[38;2;225;149;183mk[38;2;205;136;167mx[38;2;227;175;198m0[38;2;224;206;214mK[38;2;38;38;38m.[38;2;3;3;3m [38;2;0;0;0m                           [0m
[0m[38;2;3;3;3m [38;2;109;87;97m;[38;2;137;82;106m:[38;2;213;128;166mx[38;2;169;94;127mc[38;2;17;10;14m [38;2;24;24;24m [38;2;2;2;2m [38;2;2;2;2m [38;2;18;18;18m [38;2;135;114;125ml[38;2;252;238;245mW[38;2;254;252;253mM[38;2;221;210;215mK[38;2;249;232;240mW[38;2;236;218;227mX[38;2;183;166;175mk[38;2;171;155;163mx[38;2;187;174;181mk[38;2;182;170;176mk[38;2;228;222;225mX[38;2;225;213;219mX[38;2;189;136;165md[38;2;207;121;165md[38;2;192;98;148ml[38;2;183;109;149mo[38;2;189;141;166mx[38;2;198;168;182mk[38;2;229;200;213mK[38;2;176;132;152md[38;2;241;158;195mO[38;2;125;124;125mc[38;2;18;18;18m [38;2;9;9;9m [38;2;0;0;0m                          [0m
[0m[38;2;1;1;1m [38;2;22;22;22m [38;2;64;64;64m [38;2;60;60;60m [38;2;32;32;32m [38;2;6;6;6m [38;2;0;0;0m [38;2;11;11;11m [38;2;28;28;28m.[38;2;72;72;72m'[38;2;141;133;137mo[38;2;252;241;246mW[38;2;255;254;254mM[38;2;254;251;253mM[38;2;170;143;157md[38;2;71;65;68m'[38;2;28;28;28m [38;2;204;204;204mK[38;2;144;144;144mo[38;2;101;120;129mc[38;2;77;69;73m'[38;2;177;175;176mk[38;2;248;242;245mW[38;2;221;201;211mK[38;2;210;177;194mO[38;2;236;216;225mX[38;2;228;217;222mX[38;2;254;251;252mM[38;2;252;237;244mW[38;2;163;118;143mo[38;2;234;129;182mx[38;2;140;132;135ml[38;2;5;5;5m [38;2;1;1;1m [38;2;0;0;0m                          [0m
[0m[38;2;0;0;0m       [38;2;1;1;1m [38;2;121;138;144mo[38;2;182;192;196mO[38;2;159;156;161mx[38;2;254;250;252mM[38;2;255;254;254mM[38;2;244;234;239mW[38;2;98;115;124mc[38;2;61;75;80m'[38;2;73;79;81m,[38;2;114;120;123mc[38;2;173;191;199mO[38;2;193;212;219mK[38;2;83;71;77m'[38;2;175;165;170mk[38;2;192;160;177mk[38;2;215;170;191mO[38;2;220;175;195mO[38;2;211;176;192mO[38;2;222;204;212mK[38;2;250;231;239mN[38;2;240;221;230mN[38;2;163;87;128mc[38;2;222;126;180mx[38;2;138;129;133ml[38;2;1;1;1m [38;2;3;3;3m [38;2;0;0;0m         [38;2;0;0;0m [38;2;3;3;3m [38;2;0;0;0m               [0m
[0m[38;2;0;0;0m      [38;2;4;4;4m [38;2;75;68;71m'[38;2;194;181;187mO[38;2;220;211;215mK[38;2;249;244;246mW[38;2;255;255;255mM[38;2;255;255;255mM[38;2;254;254;254mM[38;2;233;233;234mN[38;2;205;208;215mK[38;2;202;202;208m0[38;2;212;205;210mK[38;2;231;223;227mN[38;2;182;177;179mk[38;2;190;170;179mk[38;2;156;97;128mc[38;2;175;104;140ml[38;2;244;234;239mN[38;2;251;237;243mW[38;2;226;187;205m0[38;2;212;148;179mk[38;2;185;113;149mo[38;2;176;111;143mo[38;2;201;111;158mo[38;2;199;127;168md[38;2;70;65;67m'[38;2;7;7;7m [38;2;0;0;0m    [38;2;4;4;4m [38;2;17;7;12m [38;2;43;36;39m.[38;2;95;76;84m,[38;2;136;104;118mc[38;2;163;128;143mo[38;2;188;149;166mx[38;2;189;154;169mx[38;2;169;140;153md[38;2;155;141;147md[38;2;66;66;66m'[38;2;1;1;1m [38;2;0;0;0m           [0m
[0m[38;2;0;0;0m      [38;2;29;29;29m [38;2;84;75;79m,[38;2;243;235;239mW[38;2;249;244;246mW[38;2;210;200;205mK[38;2;250;250;250mM[38;2;255;255;255mM[38;2;255;255;255mM[38;2;253;246;249mW[38;2;251;231;240mW[38;2;251;229;239mN[38;2;247;223;234mN[38;2;229;205;216mK[38;2;210;179;193mO[38;2;205;164;183mk[38;2;135;77;105m;[38;2;177;97;138ml[38;2;210;198;204m0[38;2;243;228;235mN[38;2;220;138;178mx[38;2;203;131;171mx[38;2;237;170;204m0[38;2;216;130;176mx[38;2;216;148;185mk[38;2;225;169;201mO[38;2;229;191;212mK[38;2;156;136;146mo[38;2;24;24;24m [38;2;0;0;0m [38;2;16;3;11m [38;2;82;40;64m.[38;2;151;106;126ml[38;2;209;133;167mx[38;2;238;164;197mO[38;2;230;160;192mO[38;2;229;161;193mO[38;2;231;160;195mO[38;2;230;152;191mO[38;2;229;150;190mk[38;2;232;163;197mO[38;2;249;209;227mX[38;2;246;217;230mN[38;2;184;172;177mk[38;2;48;48;48m.[38;2;0;0;0m          [0m
[0m[38;2;0;0;0m       [38;2;56;56;56m [38;2;115;115;115m [38;2;21;16;19m [38;2;153;42;107m,[38;2;217;217;217mX[38;2;255;255;255mMM[38;2;255;255;255mM[38;2;248;244;246mW[38;2;215;197;206mK[38;2;195;136;166mx[38;2;202;142;172mx[38;2;234;188;211mK[38;2;235;188;210mK[38;2;217;175;194mO[38;2;209;162;185mk[38;2;198;153;175mk[38;2;206;155;178mk[38;2;202;132;164mx[38;2;191;119;153mo[38;2;221;182;199m0[38;2;244;196;221mK[38;2;236;162;201mO[38;2;228;183;205m0[38;2;232;171;202m0[38;2;234;150;195mO[38;2;135;98;116mc[38;2;60;28;47m.[38;2;174;99;140ml[38;2;228;144;184mk[38;2;229;162;192mO[38;2;225;159;193mO[38;2;224;153;191mk[38;2;231;158;197mO[38;2;234;158;197mO[38;2;237;160;197mO[38;2;240;170;203m0[38;2;243;185;212mK[38;2;244;201;220mX[38;2;233;180;204m0[38;2;242;205;221mX[38;2;249;196;219mX[38;2;112;112;112mc[38;2;62;62;62m.[38;2;55;55;55m.[38;2;63;60;61m.[38;2;57;53;54m.[38;2;23;20;22m [38;2;7;3;5m [38;2;13;13;13m [38;2;7;7;7m [38;2;0;0;0m  [0m
[0m[38;2;0;0;0m         [38;2;13;10;12m [38;2;153;97;86mc[38;2;247;246;246mW[38;2;255;255;255mM[38;2;255;255;255mM[38;2;255;255;255mM[38;2;240;234;237mN[38;2;154;120;138ml[38;2;204;116;161md[38;2;248;202;223mX[38;2;211;154;179mk[38;2;198;127;162md[38;2;218;127;171mx[38;2;225;143;181mk[38;2;210;136;170mx[38;2;212;152;180mk[38;2;226;177;199m0[38;2;239;197;217mK[38;2;247;217;231mN[38;2;245;205;225mX[38;2;239;198;220mK[38;2;223;131;179mx[38;2;212;125;169md[38;2;225;119;174mx[38;2;104;79;92m;[38;2;194;114;157mo[38;2;227;154;188mk[38;2;219;149;185mk[38;2;216;133;177mx[38;2;230;139;184mk[38;2;236;138;184mk[38;2;235;133;181mk[38;2;232;130;179mx[38;2;233;135;182mk[38;2;241;154;194mO[38;2;248;181;211mK[38;2;249;201;223mX[38;2;240;202;219mX[38;2;223;185;202m0[38;2;196;143;167mx[38;2;207;179;191mO[38;2;198;170;183mO[38;2;210;155;179mk[38;2;213;140;172mx[38;2;216;156;183mk[38;2;208;144;173mx[38;2;195;124;156md[38;2;200;126;159md[38;2;180;77;122mc[38;2;87;30;55m.[38;2;17;6;11m [0m
[0m[38;2;0;0;0m         [38;2;34;34;34m [38;2;72;72;72m [38;2;110;110;110m [38;2;128;128;128m [38;2;135;135;135m [38;2;149;149;149m [38;2;147;132;139mo[38;2;178;160;169mx[38;2;162;108;136ml[38;2;207;119;166md[38;2;185;95;142ml[38;2;208;96;155mo[38;2;227;145;186mk[38;2;222;118;167md[38;2;193;90;144ml[38;2;194;109;153mo[38;2;179;84;135mc[38;2;189;81;139mc[38;2;194;100;149mo[38;2;206;120;166md[38;2;210;112;164md[38;2;205;101;155mo[38;2;170;98;135ml[38;2;14;12;13m [38;2;138;87;114m:[38;2;203;124;165md[38;2;210;121;167md[38;2;181;94;138ml[38;2;164;84;123mc[38;2;171;84;128mc[38;2;171;88;132mc[38;2;176;93;138ml[38;2;181;81;136mc[38;2;164;76;123m:[38;2;199;99;149mo[38;2;232;176;205m0[38;2;249;194;218mK[38;2;218;181;198m0[38;2;246;187;213mK[38;2;235;178;203m0[38;2;212;157;182mk[38;2;237;189;210mK[38;2;248;211;228mX[38;2;249;221;233mN[38;2;247;221;232mN[38;2;248;223;234mN[38;2;252;232;241mW[38;2;252;232;241mW[38;2;240;200;218mK[38;2;180;101;136ml[38;2;72;27;47m.[0m
[0m[38;2;0;0;0m              [38;2;4;4;4m [38;2;226;208;216mK[38;2;242;221;231mN[38;2;223;212;217mX[38;2;124;112;118mc[38;2;136;67;104m;[38;2;201;114;159mo[38;2;209;151;180mk[38;2;192;98;149ml[38;2;162;73;120m:[38;2;173;108;141ml[38;2;239;184;209mK[38;2;48;34;41m.[38;2;34;18;28m [38;2;121;75;97m;[38;2;150;99;123mc[38;2;122;96;108m:[38;2;107;82;94m;[38;2;73;35;52m.[38;2;172;81;131mc[38;2;189;103;148mo[38;2;100;49;76m'[38;2;132;88;111m:[38;2;213;123;167md[38;2;238;160;198mO[38;2;240;168;202m0[38;2;222;107;168md[38;2;217;92;158mo[38;2;171;76;121m:[38;2;217;116;164md[38;2;234;138;187mk[38;2;213;133;171mx[38;2;229;167;198mO[38;2;229;191;210mK[38;2;229;177;200m0[38;2;227;172;196mO[38;2;213;149;178mk[38;2;196;128;158md[38;2;207;147;174mx[38;2;237;190;211mK[38;2;243;198;218mK[38;2;240;156;194mO[38;2;244;223;232mN[38;2;252;231;240mW[38;2;199;129;160md[38;2;8;4;6m [0m
[0m[38;2;0;0;0m             [38;2;0;0;0m [38;2;80;79;79m,[38;2;250;226;237mN[38;2;230;220;225mX[38;2;160;130;143mo[38;2;177;108;140ml[38;2;164;90;128mc[38;2;129;59;95m,[38;2;117;66;92m,[38;2;128;87;108m:[38;2;150;102;126mc[38;2;175;130;151md[38;2;170;131;148mo[38;2;199;169;183mk[38;2;228;197;212mK[38;2;238;209;222mX[38;2;250;234;241mW[38;2;247;234;230mN[38;2;233;226;213mN[38;2;204;198;200m0[38;2;173;130;153md[38;2;66;46;56m.[38;2;5;4;5m [38;2;224;196;208mK[38;2;246;166;202m0[38;2;247;183;212mK[38;2;240;176;205m0[38;2;232;139;185mk[38;2;220;117;172md[38;2;206;105;159mo[38;2;194;114;157mo[38;2;215;115;167md[38;2;218;116;168md[38;2;211;128;171mx[38;2;212;134;176mx[38;2;191;111;154mo[38;2;205;126;170md[38;2;209;126;170md[38;2;221;122;175mx[38;2;202;118;164md[38;2;147;95;120mc[38;2;236;183;207m0[38;2;238;159;194mO[38;2;242;208;223mX[38;2;189;147;166mx[38;2;20;12;16m [38;2;17;17;17m [0m
[0m[38;2;0;0;0m             [38;2;5;5;5m [38;2;149;137;143mo[38;2;250;225;236mN[38;2;250;245;247mW[38;2;204;177;189mO[38;2;134;75;104m;[38;2;175;105;143ml[38;2;190;97;146ml[38;2;167;111;136ml[38;2;201;149;173mx[38;2;180;138;157md[38;2;228;220;224mX[38;2;254;252;253mM[38;2;255;253;254mM[38;2;249;251;254mM[38;2;220;242;251mN[38;2;246;252;251mM[38;2;248;247;191mW[38;2;247;245;178mW[38;2;244;245;230mW[38;2;225;215;234mX[38;2;199;166;181mk[38;2;5;4;5m [38;2;40;40;40m [38;2;77;77;77m [38;2;20;17;18m [38;2;141;109;124mc[38;2;202;145;173mx[38;2;200;138;171mx[38;2;199;139;171mx[38;2;228;177;201m0[38;2;243;218;229mN[38;2;244;243;244mW[38;2;252;230;240mW[38;2;244;198;218mK[38;2;189;148;170mx[38;2;168;71;125m:[38;2;189;94;144ml[38;2;187;100;142ml[38;2;199;115;153mo[38;2;218;134;171mx[38;2;187;122;151mo[38;2;155;117;134ml[38;2;27;17;22m [38;2;7;4;5m [38;2;7;7;7m [38;2;0;0;0m [0m
[0m[38;2;0;0;0m             [38;2;6;6;6m [38;2;129;117;123mc[38;2;250;225;237mN[38;2;254;250;252mM[38;2;255;254;254mM[38;2;239;216;226mX[38;2;166;138;151md[38;2;151;98;126mc[38;2;134;81;109m:[38;2;138;101;121mc[38;2;174;165;169mk[38;2;245;245;245mW[38;2;251;238;244mW[38;2;251;233;241mW[38;2;231;245;252mW[38;2;138;216;247m0[38;2;139;216;247m0[38;2;249;251;233mW[38;2;243;246;207mW[38;2;164;225;248mK[38;2;123;209;245mO[38;2;227;210;229mX[38;2;19;16;17m [38;2;0;0;0m [38;2;6;6;6m [38;2;28;20;24m [38;2;200;114;159mo[38;2;207;128;168md[38;2;192;104;153mo[38;2;185;95;145ml[38;2;189;119;156mo[38;2;206;172;189mO[38;2;189;147;168mx[38;2;190;132;160md[38;2;191;132;162md[38;2;126;82;106m;[38;2;204;108;160mo[38;2;242;185;213mK[38;2;213;153;179mk[38;2;166;122;142mo[38;2;198;131;167md[38;2;234;159;196mO[38;2;218;174;194mO[38;2;132;127;129ml[38;2;6;6;6m [38;2;12;12;12m [38;2;2;2;2m [0m
[0m[38;2;0;0;0m             [38;2;5;5;5m [38;2;39;32;35m.[38;2;244;219;230mN[38;2;254;247;250mM[38;2;255;255;255mMM[38;2;255;255;255mM[38;2;244;244;244mW[38;2;243;243;243mW[38;2;244;244;244mW[38;2;255;255;255mM[38;2;255;255;255mM[38;2;247;243;245mW[38;2;205;180;192mO[38;2;248;217;232mN[38;2;250;247;251mW[38;2;208;239;252mN[38;2;234;247;247mW[38;2;230;246;253mW[38;2;210;239;243mN[38;2;219;219;238mX[38;2;230;198;213mK[38;2;7;7;7m [38;2;0;0;0m [38;2;1;1;1m [38;2;51;39;44m.[38;2;230;146;189mk[38;2;213;133;175mx[38;2;156;110;134ml[38;2;147;74;115m:[38;2;173;100;138ml[38;2;210;119;162md[38;2;221;127;170mx[38;2;234;194;212mK[38;2;212;147;184mk[38;2;216;166;191mO[38;2;185;137;162md[38;2;167;113;142ml[38;2;131;81;109m:[38;2;132;76;106m;[38;2;183;106;146mo[38;2;214;109;165md[38;2;213;141;178mx[38;2;62;60;61m.[38;2;25;25;25m [38;2;13;13;13m [38;2;1;1;1m [0m
[0m[38;2;0;0;0m              [38;2;42;42;42m [38;2;54;46;50m.[38;2;213;201;206mK[38;2;254;254;254mM[38;2;255;255;255mM[38;2;254;251;253mM[38;2;252;244;248mW[38;2;253;242;247mW[38;2;253;241;246mW[38;2;252;239;245mW[38;2;252;237;244mW[38;2;252;236;243mW[38;2;233;216;224mX[38;2;166;140;152md[38;2;236;198;216mK[38;2;252;237;241mW[38;2;246;249;228mW[38;2;229;243;242mW[38;2;250;235;230mW[38;2;213;185;198m0[38;2;13;12;13m [38;2;17;17;17m [38;2;8;8;8m [38;2;5;5;5m [38;2;14;14;14m [38;2;86;71;78m'[38;2;178;111;147mo[38;2;183;100;145ml[38;2;219;107;172md[38;2;244;157;197mO[38;2;227;121;168mx[38;2;236;178;204m0[38;2;220;147;180mk[38;2;240;179;210m0[38;2;241;191;218mK[38;2;236;139;187mk[38;2;182;112;144mo[38;2;173;118;144mo[38;2;173;112;141mo[38;2;172;121;147mo[38;2;148;116;132ml[38;2;18;16;17m [38;2;9;9;9m [38;2;0;0;0m   [0m
[0m[38;2;0;0;0m              [38;2;2;2;2m [38;2;159;150;154md[38;2;149;140;144mo[38;2;250;250;250mM[38;2;255;255;255mM[38;2;252;240;245mW[38;2;94;83;88m,[38;2;14;12;13m [38;2;151;128;138ml[38;2;231;195;212mK[38;2;226;189;206m0[38;2;215;177;195mO[38;2;206;165;184mO[38;2;193;160;176mk[38;2;63;54;58m.[38;2;133;110;121mc[38;2;249;219;232mN[38;2;251;235;240mW[38;2;251;231;235mN[38;2;185;168;176mk[38;2;78;72;75m'[38;2;159;134;146mo[38;2;47;34;40m.[38;2;0;0;0m [38;2;0;0;0m [38;2;9;9;9m [38;2;33;33;33m [38;2;15;9;12m [38;2;78;40;62m.[38;2;172;84;134mc[38;2;209;100;158mo[38;2;201;113;159mo[38;2;212;106;159mo[38;2;201;104;152mo[38;2;161;101;130ml[38;2;179;101;141ml[38;2;167;92;130mc[38;2;165;90;131mc[38;2;198;144;172mx[38;2;239;171;201m0[38;2;197;158;176mk[38;2;66;51;58m.[38;2;9;9;9m [38;2;11;11;11m [38;2;0;0;0m [38;2;0;0;0m [0m
[0m[38;2;0;0;0m             [38;2;10;10;10m [38;2;141;138;139mo[38;2;233;212;222mX[38;2;178;176;177mk[38;2;255;255;255mM[38;2;255;254;254mM[38;2;248;227;237mN[38;2;15;15;15m [38;2;7;7;7m [38;2;12;12;12m [38;2;93;93;93m [38;2;47;39;43m.[38;2;212;180;195mO[38;2;231;194;211mK[38;2;236;198;216mK[38;2;226;201;213mK[38;2;13;12;12m [38;2;92;92;92m [38;2;200;168;183mO[38;2;250;223;235mN[38;2;252;239;245mW[38;2;253;246;249mW[38;2;242;226;234mN[38;2;162;122;141mo[38;2;10;10;10m [38;2;0;0;0m   [38;2;14;14;14m [38;2;36;36;36m [38;2;36;36;36m [38;2;21;21;21m [38;2;12;12;12m [38;2;28;28;28m [38;2;92;74;84m,[38;2;155;87;124mc[38;2;217;133;172mx[38;2;209;156;180mk[38;2;184;139;160md[38;2;175;133;152md[38;2;156;118;135ml[38;2;175;137;154md[38;2;164;136;149md[38;2;4;4;4m [38;2;1;1;1m [38;2;2;2;2m [38;2;0;0;0m [0m
[0m[38;2;0;0;0m             [38;2;7;7;7m [38;2;91;87;89m,[38;2;146;139;142mo[38;2;253;253;253mM[38;2;255;255;255mM[38;2;253;244;248mW[38;2;223;198;210mK[38;2;105;89;96m;[38;2;9;8;8m [38;2;0;0;0m [38;2;4;4;4m [38;2;134;132;133ml[38;2;245;223;233mN[38;2;249;214;230mN[38;2;248;210;228mX[38;2;86;77;81m,[38;2;18;18;18m [38;2;7;7;7m [38;2;42;42;42m [38;2;112;97;104m:[38;2;250;222;235mN[38;2;255;253;254mM[38;2;254;250;252mM[38;2;184;149;166mx[38;2;14;12;13m [38;2;0;0;0m        [38;2;3;3;3m [38;2;19;19;19m [38;2;56;56;56m [38;2;66;66;66m [38;2;22;14;18m [38;2;38;25;31m [38;2;34;25;29m [38;2;11;7;9m [38;2;44;44;44m [38;2;23;23;23m [38;2;19;19;19m [38;2;7;7;7m [38;2;0;0;0m  [0m
[0m[38;2;0;0;0m             [38;2;3;3;3m [38;2;50;50;50m.[38;2;228;228;228mN[38;2;255;255;255mM[38;2;255;253;253mM[38;2;251;228;239mN[38;2;175;156;165mx[38;2;223;193;207mK[38;2;193;177;185mO[38;2;60;57;59m.[38;2;86;83;84m,[38;2;248;226;237mN[38;2;249;214;230mN[38;2;247;201;222mX[38;2;204;180;191mO[38;2;41;41;41m [38;2;0;0;0m   [38;2;16;14;15m [38;2;243;208;224mX[38;2;253;241;246mW[38;2;255;255;255mM[38;2;249;220;234mN[38;2;122;103;112m:[38;2;5;5;5m [38;2;0;0;0m          [38;2;1;1;1m [38;2;6;6;6m [38;2;3;3;3m [38;2;5;5;5m [38;2;4;4;4m [38;2;0;0;0m [38;2;0;0;0m     [0m
[0m[38;2;0;0;0m            [38;2;2;2;2m [38;2;51;51;51m.[38;2;220;220;220mX[38;2;255;255;255mM[38;2;255;255;255mM[38;2;251;234;242mW[38;2;248;213;229mX[38;2;153;132;142mo[38;2;248;211;229mX[38;2;252;240;246mW[38;2;243;220;231mN[38;2;204;185;194m0[38;2;235;208;220mX[38;2;247;201;222mX[38;2;245;216;230mN[38;2;29;27;28m [38;2;5;5;5m [38;2;0;0;0m   [38;2;4;3;4m [38;2;186;159;172mk[38;2;250;223;236mN[38;2;255;255;255mM[38;2;254;251;252mM[38;2;243;201;221mX[38;2;109;97;103m:[38;2;6;6;6m [38;2;0;0;0m                    [0m
[0m[38;2;0;0;0m          [38;2;0;0;0m [38;2;4;4;4m [38;2;66;66;66m.[38;2;238;238;238mW[38;2;255;255;255mM[38;2;255;255;255mM[38;2;252;237;244mW[38;2;248;208;227mX[38;2;174;151;162mx[38;2;209;175;191mO[38;2;250;225;237mN[38;2;252;235;243mW[38;2;239;218;228mX[38;2;149;129;139mo[38;2;235;190;211mK[38;2;249;218;232mN[38;2;96;87;91m;[38;2;11;11;11m [38;2;0;0;0m    [38;2;51;51;51m [38;2;102;85;93m;[38;2;249;216;231mN[38;2;255;254;255mM[38;2;255;255;255mM[38;2;253;243;247mW[38;2;241;200;219mX[38;2;126;118;122mc[38;2;6;6;6m [38;2;0;0;0m                   [0m
[0m[38;2;0;0;0m         [38;2;7;7;7m [38;2;21;21;21m [38;2;146;146;146md[38;2;252;252;252mM[38;2;255;255;255mM[38;2;255;254;255mM[38;2;252;238;244mW[38;2;248;209;227mX[38;2;230;197;213mK[38;2;152;133;142mo[38;2;248;208;227mX[38;2;251;232;241mW[38;2;212;205;208mK[38;2;146;135;140mo[38;2;237;191;212mK[38;2;249;219;233mN[38;2;186;167;176mk[38;2;25;25;25m [38;2;0;0;0m     [38;2;7;7;7m [38;2;39;30;34m.[38;2;227;192;208mK[38;2;252;239;245mW[38;2;255;255;255mM[38;2;255;255;255mM[38;2;252;237;244mW[38;2;245;207;225mX[38;2;78;71;74m'[38;2;2;2;2m [38;2;0;0;0m                  [0m
[0m[38;2;0;0;0m       [38;2;7;7;7m [38;2;114;84;98m;[38;2;128;114;121mc[38;2;223;222;222mX[38;2;255;255;255mM[38;2;255;254;254mM[38;2;254;248;251mM[38;2;251;231;241mW[38;2;248;210;228mX[38;2;246;211;227mX[38;2;51;46;48m.[38;2;140;137;138mo[38;2;203;177;189mO[38;2;164;148;156md[38;2;178;160;168mx[38;2;246;200;221mX[38;2;248;209;227mX[38;2;248;223;235mN[38;2;13;12;12m [38;2;1;1;1m [38;2;0;0;0m      [38;2;86;86;86m [38;2;77;64;70m'[38;2;246;211;227mX[38;2;253;245;249mW[38;2;255;254;254mM[38;2;252;234;242mW[38;2;153;141;147md[38;2;58;58;58m [38;2;22;22;22m [38;2;0;0;0m                  [0m
[0m[38;2;0;0;0m       [38;2;11;9;10m [38;2;191;168;179mk[38;2;249;219;233mN[38;2;250;225;237mN[38;2;250;227;238mN[38;2;250;223;236mN[38;2;249;214;230mN[38;2;247;203;223mX[38;2;236;204;219mX[38;2;18;17;18m [38;2;96;93;95m;[38;2;245;231;237mN[38;2;250;231;240mW[38;2;250;229;239mN[38;2;247;205;225mX[38;2;247;204;224mX[38;2;250;222;235mN[38;2;72;63;67m.[38;2;3;3;3m [38;2;0;0;0m       [38;2;5;5;5m [38;2;101;101;101m [38;2;34;27;30m [38;2;149;126;137ml[38;2;248;224;235mN[38;2;124;114;119mc[38;2;25;25;25m [38;2;2;2;2m [38;2;0;0;0m                   [0m
[0m[38;2;0;0;0m       [38;2;4;4;4m [38;2;13;13;13m [38;2;75;75;75m [38;2;20;17;19m [38;2;200;169;184mO[38;2;239;201;219mX[38;2;232;195;212mK[38;2;163;144;153md[38;2;58;58;58m [38;2;3;3;3m [38;2;4;4;4m [38;2;13;13;13m [38;2;53;53;53m [38;2;2;2;2m [38;2;122;122;122m [38;2;17;15;16m [38;2;129;129;129m [38;2;82;82;82m [38;2;0;0;0m          [38;2;30;30;30m [38;2;69;69;69m [38;2;76;76;76m [38;2;10;10;10m [38;2;1;1;1m [38;2;0;0;0m                    [0m
[0m[38;2;0;0;0m          [38;2;4;4;4m [38;2;12;12;12m [38;2;22;22;22m [38;2;4;4;4m [38;2;15;15;15m [38;2;0;0;0m [38;2;0;0;0m    [38;2;20;20;20m [38;2;9;9;9m [38;2;49;49;49m [38;2;13;13;13m [38;2;0;0;0m                                    [0m
