[0m[38;2;0;0;0m                 [38;2;2;2;2m [38;2;29;29;29m [38;2;73;73;73m [38;2;94;94;94m [38;2;12;12;12m [38;2;49;49;49m.[38;2;21;21;21m [38;2;0;0;0m                                    [0m
[0m[38;2;0;0;0m      [38;2;9;9;9m [38;2;0;0;0m [38;2;11;11;11m [38;2;0;0;0m   [38;2;47;47;47m [38;2;65;65;65m [38;2;47;47;47m [38;2;68;68;68m [38;2;14;7;8m [38;2;175;75;81mc[38;2;208;81;89mc[38;2;220;83;92ml[38;2;221;87;96ml[38;2;210;96;103ml[38;2;170;78;85m:[38;2;142;63;68m;[38;2;83;44;47m.[38;2;84;47;49m.[38;2;41;16;18m [38;2;3;3;3m [38;2;0;0;0m                                [0m
[0m[38;2;0;0;0m      [38;2;50;50;50m [38;2;109;109;109m [38;2;38;23;13m [38;2;84;51;31m.[38;2;75;75;75m [38;2;21;11;5m [38;2;129;62;25m,[38;2;155;76;27m:[38;2;117;57;20m'[38;2;190;97;40ml[38;2;195;109;55ml[38;2;172;99;53mc[38;2;158;100;63mc[38;2;166;111;87ml[38;2;187;124;108mo[38;2;208;134;120md[38;2;246;158;145mO[38;2;238;156;149mO[38;2;209;125;119md[38;2;179;107;110ml[38;2;177;94;100mc[38;2;170;91;96mc[38;2;82;43;45m.[38;2;1;1;1m [38;2;0;0;0m                              [0m
[0m[38;2;0;0;0m        [38;2;77;77;77m [38;2;74;42;21m.[38;2;68;49;36m.[38;2;171;132;106mo[38;2;206;166;141mk[38;2;211;175;152mO[38;2;218;183;161mO[38;2;224;196;177m0[38;2;232;203;184mK[38;2;245;213;193mX[38;2;248;215;195mX[38;2;244;212;191mX[38;2;244;212;192mX[38;2;233;205;186mK[38;2;227;201;185mK[38;2;222;200;185mK[38;2;222;201;187mK[38;2;216;168;153mO[38;2;210;157;152mk[38;2;209;121;125md[38;2;194;123;127mo[38;2;139;91;94m:[38;2;14;6;6m [38;2;0;0;0m                             [0m
[0m[38;2;0;0;0m         [38;2;35;35;35m [38;2;103;103;103m [38;2;124;124;124m [38;2;6;3;2m [38;2;25;15;8m [38;2;100;61;36m'[38;2;237;145;86mx[38;2;255;153;88mk[38;2;255;155;89mk[38;2;255;159;93mO[38;2;255;163;98mO[38;2;255;165;101mO[38;2;255;166;102mO[38;2;255;163;101mO[38;2;255;162;101mO[38;2;255;163;104mO[38;2;254;173;120mO[38;2;228;160;116mk[38;2;200;143;120mx[38;2;204;122;113md[38;2;217;132;132mx[38;2;143;89;92m:[38;2;9;4;4m [38;2;0;0;0m                            [0m
[0m[38;2;0;0;0m            [38;2;44;44;44m [38;2;56;35;25m.[38;2;83;64;53m'[38;2;109;85;78m;[38;2;110;89;84m;[38;2;114;93;79m;[38;2;160;136;111mo[38;2;177;147;115md[38;2;179;142;106md[38;2;181;135;95mo[38;2;182;143;110md[38;2;212;181;151mO[38;2;224;194;161m0[38;2;227;191;154m0[38;2;226;179;137mO[38;2;226;164;115mk[38;2;215;155;112mk[38;2;238;120;92md[38;2;163;81;79m:[38;2;95;44;47m.[38;2;0;0;0m                            [0m
[0m[38;2;0;0;0m            [38;2;32;32;32m [38;2;96;96;96m:[38;2;80;78;80m,[38;2;174;137;163md[38;2;173;156;167mx[38;2;68;68;68m'[38;2;126;142;141mo[38;2;123;138;128ml[38;2;138;144;121mo[38;2;163;163;135mx[38;2;175;172;143mk[38;2;194;187;156mO[38;2;232;223;188mX[38;2;255;246;209mW[38;2;255;246;213mW[38;2;255;246;216mW[38;2;254;243;215mW[38;2;231;199;155mK[38;2;181;112;86ml[38;2;76;31;34m.[38;2;19;19;19m [38;2;2;2;2m [38;2;0;0;0m                          [0m
[0m[38;2;0;0;0m           [38;2;6;6;6m [38;2;117;96;111m:[38;2;116;82;106m;[38;2;170;142;161md[38;2;205;193;203m0[38;2;173;180;183mk[38;2;148;179;193mk[38;2;172;215;233mK[38;2;184;224;239mK[38;2;157;199;220mO[38;2;124;164;186md[38;2;115;149;175mo[38;2;124;161;189md[38;2;134;175;197mx[38;2;136;173;183mx[38;2;151;172;164mx[38;2;187;185;152mO[38;2;241;230;185mN[38;2;204;196;162m0[38;2;182;173;151mk[38;2;157;128;135mo[38;2;140;148;152md[38;2;134;135;136mo[38;2;24;24;24m [38;2;0;0;0m                         [0m
[0m[38;2;0;0;0m          [38;2;33;36;37m.[38;2;141;148;152md[38;2;161;168;174mx[38;2;192;193;196m0[38;2;226;236;240mN[38;2;203;216;223mK[38;2;226;242;250mW[38;2;212;236;248mN[38;2;147;168;178mx[38;2;59;66;70m'[38;2;83;82;84m,[38;2;146;122;139ml[38;2;140;103;129mc[38;2;137;137;137mo[38;2;65;63;74m'[38;2;106;119;133mc[38;2;158;189;202mO[38;2;171;201;215m0[38;2;156;185;197mk[38;2;179;219;237mK[38;2;164;217;240mK[38;2;156;214;239m0[38;2;173;220;241mK[38;2;94;99;101m;[38;2;24;24;24m [38;2;0;0;0m   [38;2;4;4;4m [38;2;14;14;14m [38;2;15;15;15m [38;2;1;1;1m [38;2;0;0;0m                  [0m
[0m[38;2;0;0;0m    [38;2;4;4;4m [38;2;80;82;83m,[38;2;169;193;203mO[38;2;151;161;165mx[38;2;108;111;113mc[38;2;47;47;47m.[38;2;7;7;7m [38;2;146;180;195mk[38;2;208;230;240mX[38;2;232;244;249mW[38;2;238;242;243mW[38;2;248;252;254mM[38;2;245;248;251mW[38;2;157;126;152mo[38;2;57;43;53m.[38;2;111;92;105m:[38;2;159;129;150mo[38;2;220;188;210m0[38;2;246;243;245mW[38;2;253;253;253mM[38;2;198;198;198m0[38;2;25;26;30m [38;2;120;154;170md[38;2;180;216;232mK[38;2;163;217;240mK[38;2;163;216;240mK[38;2;145;195;218mO[38;2;166;209;228m0[38;2;152;161;166mx[38;2;72;72;72m [38;2;0;0;0m [38;2;3;3;3m [38;2;52;52;52m.[38;2;129;129;129ml[38;2;178;185;188mO[38;2;176;195;204mO[38;2;175;186;191mO[38;2;9;9;9m [38;2;0;0;0m                  [0m
[0m[38;2;20;20;20m [38;2;83;89;92m;[38;2;86;93;95m;[38;2;67;72;73m'[38;2;44;46;47m.[38;2;88;90;91m;[38;2;84;105;113m:[38;2;173;222;243mK[38;2;196;230;245mX[38;2;220;237;245mN[38;2;204;209;211mK[38;2;141;143;144mo[38;2;130;114;141mc[38;2;151;104;143ml[38;2;217;219;220mX[38;2;254;255;255mM[38;2;237;235;239mN[38;2;191;158;182mk[38;2;224;192;214mK[38;2;233;215;228mX[38;2;247;246;247mW[38;2;255;255;255mM[38;2;255;255;255mM[38;2;241;241;241mW[38;2;107;106;109m:[38;2;85;102;113m;[38;2;164;194;208mO[38;2;199;230;245mX[38;2;174;210;227m0[38;2;167;198;212mO[38;2;197;217;227mK[38;2;94;95;96m;[38;2;75;75;75m [38;2;4;4;4m [38;2;23;23;23m [38;2;149;149;149md[38;2;239;239;239mW[38;2;252;254;255mM[38;2;225;242;250mW[38;2;155;176;187mk[38;2;145;154;158md[38;2;100;108;111m:[38;2;107;119;124mc[38;2;137;148;153md[38;2;146;159;166md[38;2;120;127;131ml[38;2;15;15;15m [38;2;0;0;0m             [0m
[0m[38;2;32;33;33m.[38;2;181;217;233mK[38;2;184;226;244mX[38;2;216;239;249mN[38;2;230;245;251mW[38;2;233;239;241mN[38;2;223;229;231mN[38;2;192;223;236mX[38;2;163;217;241mK[38;2;169;220;242mK[38;2;197;231;245mX[38;2;216;230;236mN[38;2;175;114;136mo[38;2;188;172;189mk[38;2;248;252;254mM[38;2;253;254;255mM[38;2;253;254;255mM[38;2;230;233;234mN[38;2;192;198;200m0[38;2;193;196;198m0[38;2;206;207;207mK[38;2;194;195;196m0[38;2;158;159;166mx[38;2;124;132;143ml[38;2;161;179;194mk[38;2;193;220;233mK[38;2;204;233;247mX[38;2;192;220;233mK[38;2;167;192;198mO[38;2;177;193;194mO[38;2;130;144;152mo[38;2;45;45;45m [38;2;1;1;1m [38;2;92;96;98m;[38;2;191;208;216mK[38;2;240;248;252mW[38;2;234;246;252mW[38;2;209;234;245mN[38;2;185;202;210m0[38;2;221;225;227mX[38;2;244;250;253mW[38;2;247;251;253mM[38;2;246;251;253mM[38;2;230;244;251mW[38;2;203;230;243mX[38;2;29;32;34m.[38;2;34;34;34m [38;2;0;0;0m             [0m
[0m[38;2;15;15;15m [38;2;70;70;70m [38;2;120;120;120m [38;2;175;175;175m [38;2;136;187;209mk[38;2;172;221;242mK[38;2;197;231;246mX[38;2;219;240;249mN[38;2;221;241;249mN[38;2;184;226;244mX[38;2;189;221;235mK[38;2;129;137;141mo[38;2;177;185;189mO[38;2;200;232;246mX[38;2;207;234;247mN[38;2;218;239;249mN[38;2;224;242;250mN[38;2;220;240;249mN[38;2;215;238;248mN[38;2;216;238;247mN[38;2;198;220;231mX[38;2;190;221;235mK[38;2;196;226;240mX[38;2;202;231;245mX[38;2;196;230;245mX[38;2;185;225;242mX[38;2;152;184;185mk[38;2;154;181;134mx[38;2;163;204;112mO[38;2;136;184;159mx[38;2;146;184;205mk[38;2;51;51;51m.[38;2;131;139;143mo[38;2;173;199;210m0[38;2;182;202;212m0[38;2;170;190;199mO[38;2;210;233;244mN[38;2;240;248;252mW[38;2;254;254;255mM[38;2;240;249;253mW[38;2;221;241;249mN[38;2;201;226;237mX[38;2;77;86;90m,[38;2;147;147;147m [38;2;69;69;69m [38;2;12;12;12m [38;2;0;0;0m              [0m
[0m[38;2;0;0;0m  [38;2;13;13;13m [38;2;30;36;39m.[38;2;74;90;96m,[38;2;108;137;150ml[38;2;89;120;133mc[38;2;51;71;79m'[38;2;151;202;223m0[38;2;175;222;242mK[38;2;174;207;221m0[38;2;152;194;212mO[38;2;139;185;205mk[38;2;128;170;188mx[38;2;127;164;180md[38;2;128;167;184mx[38;2;132;170;187mx[38;2;135;174;191mx[38;2;157;207;228m0[38;2;170;219;241mK[38;2;167;218;241mK[38;2;169;218;241mK[38;2;155;201;220mO[38;2;130;172;182mx[38;2;118;157;148mo[38;2;106;132;104mc[38;2;158;183;128mk[38;2;174;211;127mO[38;2;158;191;129mk[38;2;124;184;209mk[38;2;119;143;157mo[38;2;134;140;143mo[38;2;187;209;219mK[38;2;236;247;251mW[38;2;235;246;252mW[38;2;180;203;214m0[38;2;190;214;225mK[38;2;194;218;229mK[38;2;155;188;202mk[38;2;129;162;177md[38;2;136;162;174md[38;2;123;142;151mo[38;2;95;107;112m:[38;2;62;61;67m.[38;2;63;42;70m.[38;2;97;68;108m,[38;2;94;64;104m,[38;2;84;59;93m'[38;2;68;48;75m.[38;2;42;29;47m.[38;2;4;3;5m [38;2;0;0;0m         [0m
[0m[38;2;0;0;0m [38;2;3;3;3m [38;2;133;147;153mo[38;2;181;212;225mK[38;2;194;224;237mX[38;2;197;223;234mX[38;2;188;214;225mK[38;2;193;222;235mX[38;2;190;227;243mX[38;2;178;209;223m0[38;2;190;227;243mX[38;2;146;196;218mO[38;2;161;212;233m0[38;2;152;200;220mO[38;2;140;183;200mk[38;2;142;183;201mk[38;2;156;165;169mx[38;2;211;232;242mN[38;2;166;218;241mK[38;2;178;223;243mK[38;2;180;223;237mK[38;2;164;198;207mO[38;2;138;170;170mx[38;2;120;153;142mo[38;2;138;150;143md[38;2;186;205;162m0[38;2;181;212;143m0[38;2;141;168;122md[38;2;130;186;205mk[38;2;132;172;193mx[38;2;122;145;157mo[38;2;214;231;238mN[38;2;233;245;251mW[38;2;208;235;247mN[38;2;175;209;225m0[38;2;175;195;204mO[38;2;234;246;251mW[38;2;238;248;252mW[38;2;235;246;252mW[38;2;241;249;252mW[38;2;243;250;253mW[38;2;224;242;250mN[38;2;195;229;245mX[38;2;181;217;232mK[38;2;121;142;158mo[38;2;181;167;199mk[38;2;178;144;190mx[38;2;164;128;177mo[38;2;182;152;192mx[38;2;188;158;198mk[38;2;153;110;168ml[38;2;117;84;129m;[38;2;59;50;62m.[38;2;9;9;9m [38;2;0;0;0m      [0m
[0m[38;2;0;0;0m [38;2;8;8;8m [38;2;55;55;55m [38;2;103;103;103m [38;2;132;132;132m [38;2;155;155;155m [38;2;181;181;181m [38;2;51;67;74m.[38;2;135;180;199mx[38;2;143;181;197mk[38;2;168;193;203mO[38;2;173;194;202mO[38;2;184;202;209m0[38;2;186;208;219mK[38;2;207;222;229mX[38;2;177;178;179mk[38;2;218;236;243mN[38;2;183;225;243mK[38;2;200;231;246mX[38;2;205;233;247mN[38;2;204;233;247mX[38;2;171;210;220m0[38;2;98;140;136ml[38;2;152;171;159mx[38;2;185;210;156m0[38;2;172;202;134mO[38;2;122;143;110ml[38;2;124;174;200mx[38;2;125;164;185md[38;2;127;150;162mo[38;2;160;184;194mk[38;2;234;246;251mW[38;2;198;231;246mX[38;2;152;195;213mO[38;2;149;188;206mk[38;2;134;165;179mx[38;2;184;219;235mK[38;2;178;216;233mK[38;2;167;201;217m0[38;2;144;174;187mx[38;2;174;178;173mk[38;2;181;194;165mO[38;2;175;198;168mO[38;2;132;182;132mx[38;2;102;187;195mx[38;2;75;161;203mo[38;2;120;154;190md[38;2;171;146;195mx[38;2;159;122;172mo[38;2;154;120;165mo[38;2;210;186;217m0[38;2;160;127;171md[38;2;84;63;91m'[38;2;70;45;79m.[38;2;1;1;1m [38;2;0;0;0m     [0m
[0m[38;2;0;0;0m    [38;2;0;0;0m [38;2;25;25;25m [38;2;119;120;121mc[38;2;164;165;165mx[38;2;191;191;191mO[38;2;207;208;209mK[38;2;200;205;208mK[38;2;198;204;207m0[38;2;183;193;198mO[38;2;129;143;149mo[38;2;170;177;180mk[38;2;209;235;246mN[38;2;177;222;242mK[38;2;198;231;246mX[38;2;204;233;247mX[38;2;204;233;247mX[38;2;175;212;221m0[38;2;86;126;116mc[38;2;160;187;165mk[38;2;165;189;134mk[38;2;153;181;120mx[38;2;70;83;71m,[38;2;113;167;196md[38;2;107;150;174mo[38;2;97;126;142mc[38;2;167;183;191mk[38;2;173;212;230m0[38;2;153;190;206mO[38;2;164;207;225m0[38;2;163;197;212mO[38;2;167;195;208mO[38;2;190;216;227mK[38;2;203;233;246mX[38;2;185;217;232mK[38;2;163;187;197mO[38;2;161;154;145md[38;2;209;173;148mO[38;2;246;205;173mK[38;2;240;207;168mK[38;2;226;233;193mN[38;2;178;211;116mO[38;2;149;209;143mO[38;2;86;166;188mo[38;2;76;142;182ml[38;2;142;118;172ml[38;2;167;125;181mo[38;2;137;103;149mc[38;2;199;172;208mO[38;2;136;107;146mc[38;2;15;12;16m [38;2;25;18;27m [38;2;0;0;0m     [0m
[0m[38;2;0;0;0m    [38;2;35;39;41m.[38;2;201;211;215mK[38;2;240;248;252mW[38;2;238;248;252mW[38;2;227;243;250mW[38;2;216;239;249mN[38;2;208;235;247mN[38;2;216;238;248mN[38;2;243;250;253mW[38;2;239;240;241mW[38;2;132;140;143mo[38;2;171;209;226m0[38;2;198;231;246mX[38;2;204;233;247mX[38;2;204;233;247mX[38;2;199;231;246mX[38;2;122;171;167md[38;2;122;150;145mo[38;2;156;180;126mx[38;2;133;165;105md[38;2;33;47;45m.[38;2;80;141;175ml[38;2;107;155;182mo[38;2;65;99;117m;[38;2;180;183;185mO[38;2;145;169;179mx[38;2;159;195;212mO[38;2;165;200;216m0[38;2;170;195;207mO[38;2;55;48;52m.[38;2;85;85;85m [38;2;43;25;27m.[38;2;180;99;107ml[38;2;215;129;134md[38;2;219;138;121mx[38;2;244;115;78md[38;2;251;154;92mk[38;2;238;181;144m0[38;2;247;219;200mX[38;2;238;201;166mK[38;2;226;231;190mX[38;2;176;210;115mO[38;2;159;203;112mk[38;2;64;142;174ml[38;2;108;162;203md[38;2;152;117;174mo[38;2;145;112;156ml[38;2;172;137;184md[38;2;143;100;158mc[38;2;6;5;6m [38;2;95;95;95m [38;2;0;0;0m     [0m
[0m[38;2;0;0;0m    [38;2;79;79;79m [38;2;72;86;93m,[38;2;157;205;226m0[38;2;155;210;234m0[38;2;156;211;234m0[38;2;130;171;189mx[38;2;138;193;217mk[38;2;155;213;239m0[38;2;195;229;245mX[38;2;238;248;252mW[38;2;242;243;244mW[38;2;132;139;142mo[38;2;208;235;247mN[38;2;204;233;247mX[38;2;204;233;247mX[38;2;187;227;244mX[38;2;94;141;144ml[38;2;135;176;127mx[38;2;132;158;101mo[38;2;53;103;119m;[38;2;51;91;113m,[38;2;98;163;199md[38;2;45;90;115m,[38;2;130;135;137mo[38;2;153;169;176mx[38;2;148;186;203mk[38;2;144;183;201mk[38;2;158;191;205mO[38;2;59;68;71m'[38;2;106;106;106m [38;2;10;10;10m [38;2;44;44;44m [38;2;55;26;28m.[38;2;180;78;85m:[38;2;244;101;111md[38;2;200;137;132md[38;2;247;121;76md[38;2;239;157;104mk[38;2;227;171;135mO[38;2;242;204;167mK[38;2;240;234;221mN[38;2;193;205;133m0[38;2;162;195;109mk[38;2;138;200;163mk[38;2;36;116;161m;[38;2;156;149;198mx[38;2;194;164;204mk[38;2;125;90;137m:[38;2;151;116;162ml[38;2;9;5;10m [38;2;3;3;3m [38;2;0;0;0m     [0m
[0m[38;2;0;0;0m     [38;2;41;41;41m [38;2;49;49;49m [38;2;44;44;44m [38;2;40;40;40m [38;2;84;84;84m,[38;2;182;213;227mK[38;2;153;212;239m0[38;2;168;218;241mK[38;2;208;235;247mN[38;2;246;251;253mM[38;2;201;202;203m0[38;2;191;209;217mK[38;2;204;233;247mN[38;2;204;233;247mX[38;2;187;226;244mX[38;2;105;158;173mo[38;2;110;151;110mo[38;2;95;120;98mc[38;2;72;140;172ml[38;2;49;113;148m;[38;2;78;155;199mo[38;2;37;62;75m.[38;2;190;193;195m0[38;2;145;177;192mk[38;2;208;235;247mN[38;2;236;247;252mW[38;2;208;212;213mK[38;2;1;1;1m [38;2;0;0;0m   [38;2;50;50;50m [38;2;82;43;46m.[38;2;213;64;74m:[38;2;205;93;101ml[38;2;206;85;65mc[38;2;239;151;94mk[38;2;207;129;77md[38;2;251;225;196mN[38;2;240;215;189mX[38;2;187;190;140mO[38;2;182;216;119m0[38;2;126;170;108md[38;2;44;117;158m:[38;2;127;163;208mx[38;2;201;175;210mO[38;2;114;82;125m;[38;2;149;116;160ml[38;2;2;1;3m [38;2;0;0;0m      [0m
[0m[38;2;0;0;0m        [38;2;2;2;2m [38;2;170;170;170mk[38;2;210;236;248mN[38;2;158;214;239m0[38;2;167;218;240mK[38;2;193;229;245mX[38;2;223;241;249mN[38;2;213;224;229mX[38;2;166;184;193mk[38;2;204;233;247mN[38;2;204;233;247mX[38;2;203;232;247mX[38;2;163;215;238m0[38;2;116;166;179md[38;2;85;119;115m:[38;2;102;184;223mx[38;2;35;91;121m,[38;2;51;143;193mc[38;2;48;86;107m,[38;2;153;177;188mk[38;2;149;188;206mk[38;2;234;246;251mW[38;2;244;245;245mW[38;2;36;36;36m.[38;2;10;10;10m [38;2;0;0;0m   [38;2;1;1;1m [38;2;78;37;40m.[38;2;150;55;62m;[38;2;176;59;68m;[38;2;174;63;54m;[38;2;232;142;84mx[38;2;188;119;74mo[38;2;245;195;150mK[38;2;241;205;169mK[38;2;186;187;138mO[38;2;185;224;112m0[38;2;105;138;120ml[38;2;58;105;140m;[38;2;134;159;203mx[38;2;176;158;182mx[38;2;132;98;143mc[38;2;96;71;105m,[38;2;14;14;14m [38;2;0;0;0m      [0m
[0m[38;2;0;0;0m        [38;2;9;9;9m [38;2;59;59;59m [38;2;58;70;76m'[38;2;147;192;212mO[38;2;178;223;242mK[38;2;200;231;246mX[38;2;202;231;244mX[38;2;149;170;179mx[38;2;153;183;197mk[38;2;178;223;242mK[38;2;172;208;224m0[38;2;192;228;245mX[38;2;216;238;248mN[38;2;204;230;242mX[38;2;144;178;189mk[38;2;143;194;201mk[38;2;94;160;192mo[38;2;41;116;155m;[38;2;48;125;166m:[38;2;126;169;190mx[38;2;145;180;196mk[38;2;230;241;246mW[38;2;121;128;130ml[38;2;37;37;37m [38;2;0;0;0m    [38;2;12;12;12m [38;2;106;38;43m.[38;2;142;47;54m,[38;2;162;52;60m,[38;2;179;66;52m;[38;2;227;149;99mx[38;2;163;95;51mc[38;2;235;165;109mO[38;2;253;224;185mN[38;2;162;165;114mx[38;2;155;214;75mO[38;2;97;130;129mc[38;2;51;82;119m,[38;2;167;174;201mk[38;2;127;117;131mc[38;2;137;101;150mc[38;2;74;74;74m [38;2;0;0;0m       [0m
[0m[38;2;0;0;0m          [38;2;26;26;26m [38;2;32;32;32m [38;2;75;75;75m [38;2;92;92;92m [38;2;66;66;66m [38;2;46;46;46m [38;2;58;58;58m [38;2;78;78;78m [38;2;109;130;140ml[38;2;182;224;243mK[38;2;240;248;252mW[38;2;252;254;254mM[38;2;142;153;158md[38;2;38;48;53m.[38;2;124;173;194mx[38;2;101;164;191md[38;2;100;155;181mo[38;2;69;122;148m:[38;2;130;187;215mk[38;2;174;216;236mK[38;2;201;223;233mX[38;2;171;175;177mk[38;2;81;81;81m,[38;2;8;8;8m [38;2;0;0;0m  [38;2;17;17;17m [38;2;115;37;42m.[38;2;107;46;50m'[38;2;172;67;74m:[38;2;194;79;58mc[38;2;211;142;98mx[38;2;152;88;47m:[38;2;235;163;101mk[38;2;253;231;193mN[38;2;135;148;88mo[38;2;135;199;80mx[38;2;50;108;136m;[38;2;68;90;115m,[38;2;176;180;208mO[38;2;103;74;113m;[38;2;106;106;106m [38;2;4;4;4m [38;2;0;0;0m       [0m
[0m[38;2;0;0;0m                 [38;2;26;26;26m [38;2;134;152;160md[38;2;175;221;242mK[38;2;227;243;250mW[38;2;253;254;255mM[38;2;201;202;202m0[38;2;51;64;70m.[38;2;128;161;175mx[38;2;144;210;238m0[38;2;134;199;227mO[38;2;132;164;179md[38;2;114;165;187md[38;2;143;184;202mk[38;2;209;229;238mX[38;2;251;253;254mM[38;2;190;190;190mO[38;2;33;33;33m.[38;2;0;0;0m  [38;2;1;1;1m [38;2;64;24;27m.[38;2;121;78;81m;[38;2;164;71;77m:[38;2;213;88;69ml[38;2;200;141;102md[38;2;136;77;39m;[38;2;235;167;104mO[38;2;254;235;192mN[38;2;113;136;66mc[38;2;118;172;71mo[38;2;27;113;160m;[38;2;53;86;112m,[38;2;188;183;198mO[38;2;74;40;87m.[38;2;9;9;9m [38;2;0;0;0m        [0m
[0m[38;2;0;0;0m                 [38;2;20;20;20m [38;2;158;181;191mk[38;2;169;219;241mK[38;2;216;238;248mN[38;2;250;253;254mM[38;2;243;243;244mW[38;2;75;85;90m,[38;2;99;129;142ml[38;2;157;214;240m0[38;2;135;206;237mO[38;2;121;151;164mo[38;2;167;219;241mK[38;2;168;218;240mK[38;2;195;223;235mX[38;2;245;250;253mW[38;2;240;240;240mW[38;2;73;73;73m,[38;2;0;0;0m   [38;2;9;3;3m [38;2;127;78;81m;[38;2;159;91;96mc[38;2;221;87;71ml[38;2;200;129;82mo[38;2;133;76;39m;[38;2;221;156;96mk[38;2;251;234;182mN[38;2;115;148;60ml[38;2;110;163;68mo[38;2;22;99;142m,[38;2;97;138;164ml[38;2;153;152;155md[38;2;142;97;157mc[38;2;2;2;3m [38;2;0;0;0m        [0m
[0m[38;2;0;0;0m                [38;2;2;2;2m [38;2;75;75;76m'[38;2;190;223;238mX[38;2;170;219;241mK[38;2;211;236;248mN[38;2;248;252;254mM[38;2;255;255;255mM[38;2;113;116;117mc[38;2;120;147;159md[38;2;165;217;240mK[38;2;134;206;237mO[38;2;118;152;167mo[38;2;180;222;240mK[38;2;164;217;240mK[38;2;201;232;246mX[38;2;239;248;252mW[38;2;254;255;255mM[38;2;92;92;92m;[38;2;8;8;8m [38;2;0;0;0m  [38;2;23;23;23m [38;2;48;15;18m [38;2;165;101;105mc[38;2;195;62;54m:[38;2;207;109;53ml[38;2;129;76;43m;[38;2;233;142;72mx[38;2;233;226;167mX[38;2;124;156;69mo[38;2;111;165;72mo[38;2;14;85;125m'[38;2;71;157;208mo[38;2;91;104;117m:[38;2;128;93;140m:[38;2;122;95;132m:[38;2;1;1;1m [38;2;0;0;0m   [38;2;3;2;4m [38;2;0;0;0m   [0m
[0m[38;2;0;0;0m                [38;2;18;18;18m [38;2;164;171;174mk[38;2;180;223;243mK[38;2;176;222;242mK[38;2;211;236;248mN[38;2;246;251;253mM[38;2;255;255;255mM[38;2;139;139;139mo[38;2;163;194;207mO[38;2;168;219;241mK[38;2;134;206;237mO[38;2;108;140;154ml[38;2;186;225;243mX[38;2;162;216;240m0[38;2;204;233;246mX[38;2;236;247;251mW[38;2;254;255;255mM[38;2;98;98;98m:[38;2;24;24;24m [38;2;0;0;0m   [38;2;38;38;38m [38;2;33;12;13m [38;2;154;53;50m,[38;2;202;88;53mc[38;2;147;104;76mc[38;2;207;113;50mo[38;2;238;216;158mX[38;2;169;208;100mO[38;2;97;143;50mc[38;2;43;97;112m,[38;2;22;112;162m;[38;2;51;131;183mc[38;2;85;88;107m;[38;2;144;124;154mo[38;2;159;130;171mo[38;2;107;89;113m;[38;2;49;29;57m.[38;2;42;18;50m.[38;2;5;3;6m [38;2;13;13;13m [38;2;0;0;0m  [0m
[0m[38;2;0;0;0m               [38;2;2;2;2m [38;2;108;108;108mc[38;2;221;238;246mN[38;2;166;218;241mK[38;2;185;225;243mX[38;2;214;237;248mN[38;2;246;251;253mM[38;2;255;255;255mM[38;2;154;154;154md[38;2;184;225;244mX[38;2;172;220;241mK[38;2;140;208;237m0[38;2;114;137;148ml[38;2;180;223;243mK[38;2;164;216;240mK[38;2;209;235;247mN[38;2;239;248;252mW[38;2;255;255;255mM[38;2;93;93;93m;[38;2;17;17;17m [38;2;0;0;0m    [38;2;19;19;19m [38;2;35;17;17m [38;2;148;54;49m,[38;2;158;81;45m:[38;2;223;148;98mx[38;2;238;170;109mO[38;2;206;212;140m0[38;2;134;176;70md[38;2;150;188;125mk[38;2;48;103;130m;[38;2;44;118;159m:[38;2;29;106;151m;[38;2;82;123;158mc[38;2;45;45;54m.[38;2;89;89;89m [38;2;62;62;62m [38;2;33;33;33m [38;2;7;7;7m [38;2;4;4;4m [38;2;68;68;68m'[38;2;125;125;125ml[0m
[0m[38;2;0;0;0m              [38;2;4;4;4m [38;2;81;81;81m,[38;2;224;227;229mN[38;2;191;228;245mX[38;2;166;218;240mK[38;2;198;230;245mX[38;2;221;241;249mN[38;2;251;253;254mM[38;2;238;239;239mW[38;2;146;157;161md[38;2;172;220;241mK[38;2;173;221;242mK[38;2;112;153;170mo[38;2;182;209;222m0[38;2;162;216;240m0[38;2;177;222;242mK[38;2;212;237;248mN[38;2;244;250;253mW[38;2;255;255;255mM[38;2;105;105;105m:[38;2;9;9;9m [38;2;0;0;0m     [38;2;22;22;22m [38;2;78;78;78m [38;2;56;22;19m.[38;2;119;58;26m'[38;2;171;95;45mc[38;2;217;157;102mk[38;2;217;208;139mK[38;2;149;182;88mx[38;2;165;199;160mO[38;2;95;160;174mo[38;2;95;144;171ml[38;2;113;147;166mo[38;2;132;171;194mx[38;2;115;163;191md[38;2;103;153;186mo[38;2;104;162;198md[38;2;110;139;157mo[38;2;106;116;123mc[38;2;56;70;79m'[38;2;77;77;77m [0m
[0m[38;2;0;0;0m             [38;2;1;1;1m [38;2;67;67;67m'[38;2;229;229;229mN[38;2;217;239;249mN[38;2;165;217;240mK[38;2;184;225;243mX[38;2;205;233;247mN[38;2;221;240;249mN[38;2;245;250;253mW[38;2;162;162;162mx[38;2;112;112;112m [38;2;134;134;134m [38;2;96;128;142mc[38;2;167;193;205mO[38;2;180;223;243mK[38;2;162;216;240m0[38;2;189;227;244mX[38;2;202;233;246mX[38;2;230;244;250mW[38;2;252;252;252mM[38;2;51;51;51m.[38;2;0;0;0m        [38;2;18;18;18m [38;2;71;71;71m [38;2;116;116;116m [38;2;130;130;130m [38;2;15;10;7m [38;2;219;175;127mO[38;2;187;188;133mO[38;2;174;199;143mO[38;2;101;130;106mc[38;2;92;160;161mo[38;2;89;164;186mo[38;2;118;165;189md[38;2;79;105;119m:[38;2;143;143;143m [38;2;86;86;86m [38;2;63;63;63m [38;2;26;26;26m [38;2;0;0;0m [0m
[0m[38;2;0;0;0m             [38;2;2;2;2m [38;2;134;144;148mo[38;2;189;208;217mK[38;2;171;211;229m0[38;2;168;217;238mK[38;2;189;227;244mX[38;2;186;224;241mX[38;2;172;207;222m0[38;2;156;179;189mk[38;2;10;12;13m [38;2;1;1;1m [38;2;31;31;31m [38;2;75;75;75m [38;2;101;101;101m [38;2;94;94;94m [38;2;82;82;82m [38;2;86;86;86m [38;2;87;87;87m [38;2;86;86;86m [38;2;72;72;72m [38;2;31;31;31m [38;2;0;0;0m           [38;2;5;5;5m [38;2;15;15;15m [38;2;40;40;40m [38;2;68;68;68m [38;2;98;98;98m [38;2;110;110;110m [38;2;112;112;112m [38;2;137;137;137m [38;2;151;151;151m [38;2;157;157;157m [38;2;132;132;132m [38;2;111;111;111m [38;2;87;87;87m [38;2;8;8;8m [38;2;0;0;0m [0m
[0m[38;2;0;0;0m             [38;2;18;18;18m [38;2;49;49;49m [38;2;54;54;54m [38;2;39;39;39m [38;2;33;33;33m [38;2;48;48;48m [38;2;11;14;15m [38;2;2;3;3m [38;2;95;95;95m [38;2;29;29;29m [38;2;0;0;0m                              [38;2;9;9;9m [38;2;6;6;6m [38;2;0;0;0m     [0m
