[0m[38;2;0;0;0m       [38;2;11;11;11m [38;2;2;2;2m [38;2;6;2;2m [38;2;39;14;15m [38;2;81;40;42m.[38;2;22;13;14m [38;2;43;30;31m.[38;2;6;3;4m [38;2;0;0;0m                    [0m
[0m[38;2;0;0;0m   [38;2;15;15;15m [38;2;76;76;76m [38;2;50;31;19m.[38;2;1;1;0m [38;2;3;2;1m [38;2;128;73;42m;[38;2;167;96;63mc[38;2;172;96;73mc[38;2;180;102;92ml[38;2;203;117;111mo[38;2;219;128;125md[38;2;175;104;104ml[38;2;139;72;76m;[38;2;67;37;39m.[38;2;5;5;5m [38;2;0;0;0m                 [0m
[0m[38;2;0;0;0m    [38;2;5;5;5m [38;2;95;95;95m [38;2;11;7;5m [38;2;51;37;28m.[38;2;222;164;127mk[38;2;247;183;142m0[38;2;255;189;147mK[38;2;254;189;147mK[38;2;248;186;146m0[38;2;238;181;145m0[38;2;234;182;149m0[38;2;215;158;140mk[38;2;200;123;121md[38;2;138;84;87m:[38;2;1;1;1m [38;2;0;0;0m                [0m
[0m[38;2;0;0;0m      [38;2;6;6;6m [38;2;27;18;13m [38;2;128;103;89m:[38;2;141;107;103mc[38;2;138;118;103ml[38;2;179;158;125mx[38;2;201;166;123mk[38;2;218;186;149mO[38;2;237;205;169mK[38;2;238;195;155mK[38;2;229;179;142mO[38;2;203;112;94mo[38;2;46;21;23m [38;2;0;0;0m                [0m
[0m[38;2;0;0;0m      [38;2;5;5;5m [38;2;106;89;101m;[38;2;165;148;160md[38;2;182;181;188mO[38;2;148;174;182mx[38;2;147;175;183mx[38;2;108;132;143ml[38;2;113;132;142ml[38;2;159;181;182mk[38;2;183;196;181mO[38;2;219;215;185mK[38;2;210;196;167m0[38;2;145;124;131ml[38;2;82;85;87m,[38;2;0;0;0m               [0m
[0m[38;2;0;0;0m  [38;2;5;5;5m [38;2;75;83;86m,[38;2;80;84;86m,[38;2;29;29;29m [38;2;78;89;93m;[38;2;198;212;218mK[38;2;229;237;241mN[38;2;235;244;249mW[38;2;134;131;146mo[38;2;79;68;78m'[38;2;196;167;186mk[38;2;217;214;216mX[38;2;96;96;99m;[38;2;144;172;185mx[38;2;168;210;228m0[38;2;159;212;235m0[38;2;168;212;232m0[38;2;25;26;27m [38;2;0;0;0m [38;2;42;42;42m.[38;2;99;103;105m:[38;2;105;113;116mc[38;2;16;16;16m [38;2;0;0;0m          [0m
[0m[38;2;81;89;92m,[38;2;129;146;153mo[38;2;126;132;134ml[38;2;179;195;201mO[38;2;175;220;239mK[38;2;198;228;241mX[38;2;187;196;200m0[38;2;156;116;150ml[38;2;226;226;229mN[38;2;245;243;246mW[38;2;202;184;199mO[38;2;228;219;225mX[38;2;249;249;249mW[38;2;195;195;198m0[38;2;122;132;141ml[38;2;181;211;225mK[38;2;190;223;238mX[38;2;161;180;189mk[38;2;104;104;104m [38;2;21;21;21m [38;2;152;157;159md[38;2;240;245;247mW[38;2;203;220;229mX[38;2;187;198;204m0[38;2;158;165;169mx[38;2;174;186;192mO[38;2;85;92;96m;[38;2;12;12;12m [38;2;0;0;0m       [0m
[0m[38;2;51;51;51m [38;2;110;110;110m [38;2;176;176;176m [38;2;154;185;199mO[38;2;206;235;247mN[38;2;181;225;243mK[38;2;164;185;195mO[38;2;165;180;187mk[38;2;200;226;238mX[38;2;217;239;249mN[38;2;217;239;249mN[38;2;196;218;228mK[38;2;172;197;210mO[38;2;188;219;235mK[38;2;180;218;234mK[38;2;162;191;177mO[38;2;156;189;121mk[38;2;134;177;184mx[38;2;98;102;103m:[38;2;172;192;201mO[38;2;194;212;220mK[38;2;215;234;243mN[38;2;234;246;251mW[38;2;114;123;127mc[38;2;181;181;181m [38;2;118;118;118m [38;2;32;32;32m [38;2;2;2;2m [38;2;0;0;0m       [0m
[0m[38;2;4;4;4m [38;2;69;77;80m'[38;2;140;165;176mx[38;2;166;196;209mO[38;2;178;220;238mK[38;2;178;217;234mK[38;2;157;202;222mO[38;2;154;203;223mO[38;2;135;172;188mx[38;2;138;161;172md[38;2;163;205;224m0[38;2;171;220;241mK[38;2;162;205;220m0[38;2;121;157;156md[38;2;141;160;133md[38;2;167;195;132mk[38;2;137;180;165mx[38;2;126;161;180md[38;2;194;209;216mK[38;2;216;236;246mN[38;2;181;204;215m0[38;2;216;235;243mN[38;2;195;214;222mK[38;2;200;217;225mK[38;2;179;206;219m0[38;2;138;157;172md[38;2;149;133;177mo[38;2;162;124;175mo[38;2;154;124;165mo[38;2;110;82;119m;[38;2;48;38;52m.[38;2;3;3;3m [38;2;0;0;0m   [0m
[0m[38;2;0;0;0m [38;2;24;24;24m [38;2;59;59;59m [38;2;79;96;103m;[38;2;155;180;191mk[38;2;170;189;198mO[38;2;179;192;197mO[38;2;175;190;197mO[38;2;189;201;207m0[38;2;195;222;234mX[38;2;196;230;245mX[38;2;203;233;247mX[38;2;135;174;175mx[38;2;152;176;152mx[38;2;153;178;122mx[38;2;117;153;155mo[38;2;113;151;172mo[38;2;156;180;191mk[38;2;193;222;234mX[38;2;160;198;215mO[38;2;158;188;201mO[38;2;190;224;239mX[38;2;164;198;213mO[38;2;174;165;154mx[38;2;210;199;163m0[38;2;170;208;158mO[38;2;110;183;172mx[38;2;113;147;190mo[38;2;155;119;172mo[38;2;177;147;187mx[38;2;141;113;151ml[38;2;18;13;20m [38;2;0;0;0m   [0m
[0m[38;2;0;0;0m  [38;2;8;9;10m [38;2;208;226;234mX[38;2;211;236;247mN[38;2;191;224;238mX[38;2;196;230;245mX[38;2;235;244;248mW[38;2;165;174;179mk[38;2;193;225;240mX[38;2;204;233;247mX[38;2;180;221;231mK[38;2;118;149;128mo[38;2;127;160;112mo[38;2;54;90;104m,[38;2;84;131;157mc[38;2;144;155;160md[38;2;140;174;189mx[38;2;170;206;223m0[38;2;85;86;91m,[38;2;88;88;88m [38;2;145;81;88m;[38;2;219;127;117md[38;2;245;141;93mx[38;2;239;189;157m0[38;2;241;217;186mX[38;2;189;213;132m0[38;2;110;172;146md[38;2;112;137;184mo[38;2;151;115;163ml[38;2;162;123;175md[38;2;2;1;2m [38;2;1;1;1m [38;2;0;0;0m  [0m
[0m[38;2;0;0;0m  [38;2;11;11;11m [38;2;65;65;65m [38;2;73;73;73m [38;2;89;95;97m;[38;2;164;217;240mK[38;2;185;226;243mX[38;2;242;247;250mW[38;2;181;195;201m0[38;2;204;233;247mX[38;2;172;219;239mK[38;2;108;146;115ml[38;2;76;126;139mc[38;2;62;126;161mc[38;2;88;120;137mc[38;2;155;180;191mk[38;2;215;237;246mN[38;2;88;92;93m;[38;2;19;19;19m [38;2;1;1;1m [38;2;24;13;14m [38;2;176;73;80m:[38;2;202;92;74ml[38;2;219;140;88mx[38;2;243;208;173mX[38;2;206;212;163mK[38;2;145;187;116mx[38;2;76;142;183ml[38;2;158;131;168mo[38;2;138;104;150ml[38;2;15;15;15m [38;2;0;0;0m   [0m
[0m[38;2;0;0;0m     [38;2;109;109;109m [38;2;126;160;176md[38;2;182;224;243mK[38;2;204;229;240mX[38;2;159;182;193mk[38;2;186;221;238mK[38;2;198;231;246mX[38;2;167;202;215m0[38;2;125;177;190mx[38;2;57;123;157m:[38;2;69;130;163mc[38;2;153;189;205mO[38;2;199;206;208m0[38;2;1;1;1m [38;2;0;0;0m  [38;2;19;7;8m [38;2;148;58;64m,[38;2;179;66;56m;[38;2;192;122;76mo[38;2;242;177;121mO[38;2;192;199;146mO[38;2;126;168;112md[38;2;88;119;154mc[38;2;150;130;159mo[38;2;32;24;35m [38;2;0;0;0m [38;2;0;0;0m   [0m
[0m[38;2;0;0;0m     [38;2;0;0;0m [38;2;18;18;18m [38;2;45;45;45m [38;2;36;36;36m [38;2;30;30;30m [38;2;42;47;49m.[38;2;194;229;245mX[38;2;246;249;250mW[38;2;82;96;102m;[38;2;126;176;199mk[38;2;107;160;185md[38;2;115;166;189md[38;2;184;217;232mK[38;2;194;197;198m0[38;2;20;20;20m [38;2;0;0;0m [38;2;8;3;3m [38;2;144;68;73m;[38;2;192;79;65mc[38;2;163;105;68mc[38;2;242;181;126m0[38;2;160;178;106mx[38;2;75;139;120mc[38;2;109;127;153ml[38;2;67;50;73m.[38;2;18;18;18m [38;2;0;0;0m    [0m
[0m[38;2;0;0;0m          [38;2;94;102;106m:[38;2;182;224;243mK[38;2;245;251;253mM[38;2;144;152;155md[38;2;127;165;182mx[38;2;137;200;227mO[38;2;149;189;207mk[38;2;177;215;233mK[38;2;246;251;253mM[38;2;86;86;86m,[38;2;0;0;0m [38;2;24;24;24m [38;2;112;63;67m,[38;2;183;70;59m:[38;2;160;96;55mc[38;2;232;175;117mO[38;2;148;175;89mx[38;2;55;121;113m:[38;2;128;158;179md[38;2;103;72;114m;[38;2;2;2;2m [38;2;0;0;0m    [0m
[0m[38;2;0;0;0m         [38;2;11;11;11m [38;2;175;198;209m0[38;2;183;225;243mK[38;2;242;249;253mW[38;2;187;187;187mO[38;2;161;199;216mO[38;2;146;209;236m0[38;2;143;176;191mx[38;2;181;224;243mK[38;2;241;249;252mW[38;2;112;112;112m:[38;2;0;0;0m  [38;2;55;55;55m [38;2;103;38;37m.[38;2;171;93;57mc[38;2;225;152;93mx[38;2;161;188;100mk[38;2;70;126;95m:[38;2;42;124;173m:[38;2;72;74;95m'[38;2;122;100;131mc[38;2;63;48;68m.[38;2;7;4;8m [38;2;16;16;16m [38;2;8;8;8m [0m
[0m[38;2;0;0;0m        [38;2;1;1;1m [38;2;147;149;150md[38;2;183;225;243mK[38;2;196;230;245mX[38;2;245;250;253mW[38;2;189;191;193mO[38;2;177;222;242mK[38;2;132;177;197mx[38;2;169;211;230m0[38;2;190;228;244mX[38;2;244;250;253mW[38;2;102;102;102m:[38;2;0;0;0m   [38;2;47;47;47m [38;2;38;15;13m [38;2;147;86;47m:[38;2;205;173;112mk[38;2;161;191;105mk[38;2;98;150;155mo[38;2;67;127;161mc[38;2;110;137;159mo[38;2;84;102;136m:[38;2;62;91;116m,[38;2;63;69;72m'[38;2;26;28;30m [0m
[0m[38;2;0;0;0m       [38;2;5;5;5m [38;2;121;125;126ml[38;2;213;236;246mN[38;2;176;221;242mK[38;2;202;233;246mX[38;2;223;237;243mN[38;2;10;11;11m [38;2;25;30;33m [38;2;139;167;180mx[38;2;135;177;196mx[38;2;154;183;196mk[38;2;170;179;184mk[38;2;2;2;2m [38;2;0;0;0m    [38;2;7;7;7m [38;2;54;54;54m [38;2;86;86;86m [38;2;123;123;123m [38;2;159;159;159m [38;2;57;68;51m.[38;2;80;117;102m:[38;2;100;126;112mc[38;2;70;101;97m;[38;2;4;8;8m [38;2;8;8;8m [0m
[0m[38;2;0;0;0m       [38;2;10;10;10m [38;2;70;70;70m [38;2;105;105;105m [38;2;112;112;112m [38;2;16;20;22m [38;2;104;104;104m [38;2;22;22;22m [38;2;11;11;11m [38;2;26;26;26m [38;2;20;20;20m [38;2;27;27;27m [38;2;28;28;28m [38;2;6;6;6m [38;2;0;0;0m        [38;2;3;3;3m [38;2;28;28;28m [38;2;51;51;51m [38;2;71;71;71m [38;2;52;52;52m [38;2;10;10;10m [38;2;0;0;0m [0m
