[0m[38;2;0;0;0m                  [38;2;1;1;2m [38;2;13;11;19m [38;2;42;38;61m.[38;2;101;96;122m:[38;2;129;124;148ml[38;2;90;86;115m;[38;2;98;94;121m;[38;2;148;146;161md[38;2;101;99;110m:[38;2;57;57;59m.[38;2;33;33;33m.[38;2;2;2;2m [38;2;0;0;0m     [0m
[0m[38;2;0;0;0m                [38;2;4;3;6m [38;2;60;53;89m.[38;2;115;107;150mc[38;2;140;135;168mo[38;2;168;163;197mx[38;2;156;150;192mx[38;2;168;162;202mk[38;2;173;166;209mk[38;2;159;151;204mx[38;2;146;142;176md[38;2;155;148;192md[38;2;163;157;194mx[38;2;164;158;187mx[38;2;148;144;166md[38;2;98;96;107m;[38;2;4;4;5m [38;2;0;0;0m   [0m
[0m[38;2;0;0;0m               [38;2;6;5;10m [38;2;40;36;60m.[38;2;125;116;170ml[38;2;106;88;145m:[38;2;104;83;135m;[38;2;115;97;149m:[38;2;123;107;157mc[38;2;114;104;159mc[38;2;123;114;173ml[38;2;139;132;170mo[38;2;213;214;215mK[38;2;139;133;168mo[38;2;149;142;190md[38;2;140;128;190mo[38;2;103;81;137m;[38;2;150;143;188md[38;2;123;119;141ml[38;2;26;24;33m.[38;2;0;0;0m  [0m
[0m[38;2;0;0;0m             [38;2;0;0;0m [38;2;28;26;34m [38;2;65;59;91m'[38;2;48;43;71m.[38;2;104;98;132m:[38;2;94;73;142m;[38;2;100;74;134m;[38;2;107;79;147m;[38;2;95;65;128m,[38;2;89;62;119m,[38;2;97;87;137m;[38;2;134;127;157ml[38;2;229;230;232mN[38;2;198;198;203m0[38;2;157;150;186md[38;2;150;139;178md[38;2;115;99;148m:[38;2;113;100;165mc[38;2;111;99;154m:[38;2;134;128;169mo[38;2;36;34;43m.[38;2;0;0;0m [0m
[0m[38;2;0;0;0m             [38;2;30;26;48m.[38;2;102;87;134m;[38;2;72;61;105m'[38;2;123;115;162ml[38;2;106;99;148m:[38;2;112;94;158m:[38;2;90;68;134m,[38;2;103;71;132m;[38;2;87;64;116m,[38;2;78;87;98m,[38;2;171;183;189mO[38;2;246;247;247mW[38;2;239;240;240mW[38;2;235;238;239mN[38;2;236;240;243mW[38;2;241;244;245mW[38;2;252;252;253mM[38;2;222;221;226mX[38;2;144;137;167mo[38;2;162;159;187mx[38;2;205;206;208mK[38;2;152;153;153md[0m
[0m[38;2;0;0;0m             [38;2;36;36;36m [38;2;6;5;9m [38;2;55;50;73m.[38;2;103;93;134m;[38;2;114;100;154mc[38;2;102;76;135m;[38;2;114;95;152m:[38;2;173;161;193mk[38;2;184;189;201mO[38;2;220;224;226mX[38;2;253;254;254mM[38;2;232;236;239mN[38;2;123;135;141ml[38;2;42;55;62m.[38;2;147;156;161md[38;2;82;104;117m:[38;2;99;106;111m:[38;2;172;175;177mk[38;2;240;241;242mW[38;2;250;251;251mM[38;2;238;239;240mW[38;2;67;67;67m'[0m
[0m[38;2;0;0;0m     [38;2;1;1;1m [38;2;5;4;8m [38;2;40;37;49m.[38;2;53;50;65m.[38;2;47;44;60m.[38;2;44;40;61m.[38;2;33;29;47m.[38;2;8;7;12m [38;2;1;1;1m [38;2;6;6;6m [38;2;29;29;29m [38;2;38;38;38m [38;2;48;48;48m [38;2;49;49;49m [38;2;84;80;100m,[38;2;198;189;203m0[38;2;221;213;217mX[38;2;255;255;255mM[38;2;254;254;254mM[38;2;222;221;226mX[38;2;194;204;216m0[38;2;209;219;227mX[38;2;200;209;214mK[38;2;192;198;202m0[38;2;171;178;182mk[38;2;234;234;234mN[38;2;253;253;253mM[38;2;220;220;221mX[38;2;96;96;97m;[38;2;39;39;39m [0m
[0m[38;2;0;0;0m   [38;2;2;2;2m [38;2;25;22;36m [38;2;112;103;151mc[38;2;127;119;173ml[38;2;125;112;173ml[38;2;115;96;159m:[38;2;114;92;156m:[38;2;113;93;156m:[38;2;116;99;160mc[38;2;102;89;145m:[38;2;98;87;140m;[38;2;83;74;124m,[38;2;33;29;49m.[38;2;5;5;5m [38;2;0;0;0m [38;2;2;2;2m [38;2;105;102;123m:[38;2;142;126;156mo[38;2;221;220;223mX[38;2;253;253;253mM[38;2;253;253;253mM[38;2;252;247;252mW[38;2;252;233;249mW[38;2;247;229;244mN[38;2;223;218;226mX[38;2;237;238;238mN[38;2;235;236;236mN[38;2;220;219;224mX[38;2;130;124;159ml[38;2;18;17;23m [38;2;22;22;22m [38;2;0;0;0m [0m
[0m[38;2;0;0;0m   [38;2;22;19;35m [38;2;137;130;175mo[38;2;113;102;170mc[38;2;115;89;147m:[38;2;101;72;136m;[38;2;98;70;129m,[38;2;70;52;97m'[38;2;8;6;12m [38;2;69;69;69m [38;2;71;71;71m [38;2;29;22;42m [38;2;58;46;84m.[38;2;97;83;145m;[38;2;82;73;121m,[38;2;78;79;79m,[38;2;89;89;93m;[38;2;105;101;126m:[38;2;139;132;175mo[38;2;123;115;163ml[38;2;81;75;108m,[38;2;170;169;183mk[38;2;220;221;225mX[38;2;237;239;240mW[38;2;245;246;247mW[38;2;191;192;193m0[38;2;251;252;252mM[38;2;248;248;248mW[38;2;165;161;182mx[38;2;12;11;14m [38;2;2;2;2m [38;2;0;0;0m  [0m
[0m[38;2;0;0;0m   [38;2;37;33;59m.[38;2;109;101;157m:[38;2;96;82;149m;[38;2;97;66;129m,[38;2;91;64;123m,[38;2;47;38;73m.[38;2;43;43;43m [38;2;8;8;8m [38;2;0;0;0m [38;2;0;0;0m [38;2;8;8;8m [38;2;18;18;18m [38;2;140;137;151mo[38;2;218;237;244mN[38;2;220;242;250mN[38;2;255;255;255mM[38;2;254;254;254mM[38;2;223;223;226mX[38;2;157;152;175md[38;2;118;107;147mc[38;2;101;90;143m:[38;2;123;116;165ml[38;2;201;200;216m0[38;2;238;241;243mW[38;2;195;197;199m0[38;2;234;236;237mN[38;2;254;254;254mM[38;2;250;251;251mM[38;2;106;107;108mc[38;2;0;0;0m [38;2;0;0;0m  [0m
[0m[38;2;0;0;0m  [38;2;4;4;4m [38;2;61;55;83m.[38;2;112;103;161mc[38;2;95;86;150m;[38;2;115;96;143m:[38;2;90;66;124m,[38;2;69;58;108m'[38;2;30;26;48m.[38;2;1;1;1m [38;2;0;0;0m   [38;2;19;19;19m [38;2;188;194;197m0[38;2;217;241;249mN[38;2;208;238;248mN[38;2;254;254;254mM[38;2;252;252;253mM[38;2;137;133;156mo[38;2;99;82;127m;[38;2;103;88;123m;[38;2;102;82;126m;[38;2;105;96;144m:[38;2;179;177;194mk[38;2;237;240;242mW[38;2;210;212;214mK[38;2;209;211;213mK[38;2;223;225;227mX[38;2;245;246;247mW[38;2;188;190;192mO[38;2;1;1;1m [38;2;0;0;0m  [0m
[0m[38;2;0;0;0m  [38;2;7;7;7m [38;2;17;15;25m [38;2;77;69;112m,[38;2;123;115;170ml[38;2;116;108;162mc[38;2;114;103;145mc[38;2;80;62;107m'[38;2;70;56;96m'[38;2;92;73;122m,[38;2;65;53;93m.[38;2;13;12;23m [38;2;18;18;18m [38;2;89;89;89m;[38;2;215;216;217mX[38;2;255;255;255mM[38;2;245;245;246mW[38;2;218;220;221mX[38;2;243;244;247mW[38;2;112;102;142m:[38;2;92;77;134m;[38;2;98;84;142m;[38;2;91;78;127m;[38;2;137;133;159mo[38;2;214;215;219mX[38;2;42;43;43m.[38;2;108;108;108m [38;2;167;167;167m [38;2;56;57;57m.[38;2;235;238;240mW[38;2;68;68;69m'[38;2;1;1;1m [38;2;0;0;0m  [0m
[0m[38;2;0;0;0m   [38;2;12;12;12m [38;2;12;11;17m [38;2;110;98;149m:[38;2;129;120;177ml[38;2;112;104;160mc[38;2;104;90;146m:[38;2;99;84;132m;[38;2;102;86;133m;[38;2;76;64;105m'[38;2;39;37;49m.[38;2;213;214;215mK[38;2;248;249;250mW[38;2;31;31;31m.[38;2;104;105;105m:[38;2;208;210;212mK[38;2;219;222;224mX[38;2;21;21;21m [38;2;4;4;6m [38;2;77;66;120m,[38;2;105;92;160m:[38;2;121;112;168mc[38;2;222;222;226mX[38;2;170;171;171mk[38;2;4;4;4m [38;2;0;0;0m  [38;2;2;2;2m [38;2;13;13;13m [38;2;7;7;7m [38;2;0;0;0m   [0m
[0m[38;2;0;0;0m [38;2;1;1;1m [38;2;12;11;19m [38;2;60;55;82m.[38;2;130;122;158ml[38;2;164;153;188mx[38;2;97;82;125m;[38;2;107;93;141m:[38;2;127;116;171ml[38;2;115;105;170mc[38;2;121;111;174ml[38;2;71;65;101m'[38;2;197;198;199m0[38;2;249;250;250mM[38;2;106;108;108m:[38;2;4;4;4m [38;2;79;79;79m,[38;2;237;239;241mW[38;2;233;236;238mN[38;2;24;25;25m [38;2;3;3;3m [38;2;20;20;20m [38;2;27;27;27m [38;2;143;144;147mo[38;2;254;254;254mM[38;2;236;237;238mN[38;2;7;7;7m [38;2;0;0;0m        [0m
[0m[38;2;7;7;9m [38;2;104;95;129m:[38;2;73;48;97m.[38;2;84;70;119m,[38;2;111;92;149m:[38;2;101;81;136m;[38;2;123;109;170mc[38;2;87;72;127m,[38;2;78;60;107m'[38;2;48;42;69m.[38;2;126;122;153ml[38;2;216;216;218mX[38;2;252;252;252mM[38;2;172;174;175mk[38;2;42;42;42m [38;2;0;0;0m [38;2;51;51;51m.[38;2;236;239;241mW[38;2;235;238;240mW[38;2;160;161;162mx[38;2;3;3;3m [38;2;0;0;0m  [38;2;102;103;104m:[38;2;255;255;255mM[38;2;253;254;254mM[38;2;121;122;123mc[38;2;2;2;2m [38;2;0;0;0m       [0m
[0m[38;2;64;60;83m.[38;2;136;124;175mo[38;2;124;108;155mc[38;2;101;87;140m;[38;2;85;73;124m,[38;2;99;85;143m;[38;2;81;63;120m'[38;2;81;68;118m,[38;2;66;66;66m [38;2;112;112;119mc[38;2;252;253;253mM[38;2;250;251;251mM[38;2;121;123;124ml[38;2;58;58;58m [38;2;0;0;0m  [38;2;6;6;6m [38;2;226;229;231mN[38;2;236;239;241mW[38;2;236;238;240mW[38;2;78;78;78m,[38;2;0;0;0m [38;2;0;0;0m [38;2;70;71;71m'[38;2;251;251;252mM[38;2;255;255;255mM[38;2;246;247;248mW[38;2;74;74;75m'[38;2;0;0;0m [38;2;0;0;0m      [0m
[0m[38;2;38;38;38m [38;2;65;65;65m [38;2;70;70;70m [38;2;52;52;52m [38;2;40;40;40m [38;2;58;58;58m [38;2;62;62;62m [38;2;35;35;35m [38;2;2;2;2m [38;2;62;63;63m.[38;2;95;96;96m;[38;2;136;136;136m [38;2;23;23;23m [38;2;0;0;0m   [38;2;14;14;14m [38;2;136;137;138ml[38;2;237;239;241mW[38;2;236;239;240mW[38;2;224;226;227mX[38;2;15;15;15m [38;2;0;0;0m [38;2;25;25;25m [38;2;246;247;248mW[38;2;254;254;254mM[38;2;254;254;254mM[38;2;234;236;237mN[38;2;90;91;91m;[38;2;4;4;4m [38;2;0;0;0m     [0m
[0m[38;2;0;0;0m         [38;2;7;7;7m [38;2;7;7;7m [38;2;0;0;0m      [38;2;37;37;37m [38;2;52;52;52m [38;2;67;67;67m [38;2;51;51;51m [38;2;8;8;8m [38;2;0;0;0m [38;2;64;64;64m [38;2;42;42;42m.[38;2;142;143;144mo[38;2;159;161;163mx[38;2;41;42;42m.[38;2;117;117;117m [38;2;5;5;5m [38;2;0;0;0m     [0m
