[0m[38;2;0;0;0m                     [38;2;10;9;13m [38;2;38;26;56m.[38;2;51;32;76m.[38;2;51;36;78m.[38;2;50;31;76m.[38;2;49;32;74m.[38;2;40;27;59m.[38;2;26;19;36m [38;2;3;3;4m [38;2;0;0;0m                              [0m
[0m[38;2;0;0;0m                  [38;2;8;7;8m [38;2;75;51;102m'[38;2;117;69;183m;[38;2;145;83;232mc[38;2;143;78;234mc[38;2;143;78;233mc[38;2;147;107;237mo[38;2;145;92;235ml[38;2;144;84;234mc[38;2;143;78;234mc[38;2;143;78;233mc[38;2;140;80;224mc[38;2;151;112;173ml[38;2;105;78;121m;[38;2;69;58;66m.[38;2;3;2;3m [38;2;0;0;0m                          [0m
[0m[38;2;0;0;0m                 [38;2;54;46;52m.[38;2;215;175;203mO[38;2;206;155;221mk[38;2;185;129;225mx[38;2;147;83;232mc[38;2;143;78;234mc[38;2;143;78;234mc[38;2;143;78;234mc[38;2;143;78;234mc[38;2;143;78;234mc[38;2;143;78;234mc[38;2;143;78;234mc[38;2;170;111;228mo[38;2;225;179;219m0[38;2;230;185;216m0[38;2;226;179;218m0[38;2;150;97;212ml[38;2;98;60;151m,[38;2;55;36;80m.[38;2;2;2;3m [38;2;0;0;0m   [38;2;7;6;9m [38;2;0;0;0m                   [0m
[0m[38;2;0;0;0m                [38;2;21;15;30m [38;2;156;96;227ml[38;2;198;145;224mk[38;2;168;109;229mo[38;2;143;78;233mc[38;2;143;78;234mc[38;2;143;78;234mc[38;2;143;78;234mc[38;2;143;78;234mc[38;2;143;78;234mc[38;2;143;78;234mc[38;2;143;78;234mc[38;2;143;78;234mc[38;2;146;81;232mc[38;2;153;90;230ml[38;2;210;160;222mO[38;2;169;109;228mo[38;2;159;97;230ml[38;2;143;78;234mc[38;2;138;79;235mc[38;2;132;79;214mc[38;2;84;53;128m'[38;2;25;18;33m [38;2;51;51;51m [38;2;74;52;105m'[38;2;6;4;8m [38;2;9;7;11m [38;2;0;0;0m                 [0m
[0m[38;2;0;0;0m                [38;2;92;58;138m,[38;2;143;77;234mc[38;2;144;79;232mc[38;2;147;82;233mc[38;2;143;78;234mc[38;2;126;70;204m:[38;2;67;67;67m [38;2;31;31;31m [38;2;52;52;52m [38;2;92;92;92m [38;2;142;81;223mc[38;2;164;103;230mo[38;2;143;78;234mc[38;2;143;78;234mc[38;2;143;78;234mc[38;2;143;78;234mc[38;2;143;78;234mc[38;2;143;78;234mc[38;2;143;78;234mc[38;2;137;79;235mc[38;2;140;79;235mc[38;2;143;78;234mc[38;2;141;80;226mc[38;2;118;80;173m:[38;2;40;31;53m.[38;2;42;31;59m.[38;2;102;75;141m;[38;2;18;14;23m [38;2;2;1;2m [38;2;0;0;0m               [0m
[0m[38;2;0;0;0m                [38;2;76;50;113m.[38;2;144;85;234mc[38;2;145;97;235ml[38;2;143;78;233mc[38;2;143;78;234mc[38;2;75;46;114m'[38;2;0;0;0m   [38;2;2;2;2m [38;2;73;73;73m [38;2;139;76;226mc[38;2;143;78;234mc[38;2;151;92;235ml[38;2;145;83;234mc[38;2;143;78;234mc[38;2;143;78;234mc[38;2;151;93;236ml[38;2;149;89;235ml[38;2;143;78;234mc[38;2;162;109;236mo[38;2;168;119;238md[38;2;166;113;238mo[38;2;143;78;233mc[38;2;137;79;216mc[38;2;75;51;105m.[38;2;68;68;68m [38;2;24;18;33m [38;2;14;11;19m [38;2;2;1;2m [38;2;0;0;0m              [0m
[0m[38;2;0;0;0m                [38;2;8;8;11m [38;2;153;163;242mk[38;2;150;136;239md[38;2;144;86;235mc[38;2;143;78;234mc[38;2;130;78;202m:[38;2;6;4;7m [38;2;0;0;0m   [38;2;10;8;13m [38;2;16;11;24m [38;2;137;79;235mc[38;2;151;94;235ml[38;2;183;154;246mk[38;2;167;125;241md[38;2;174;139;243mx[38;2;170;130;242md[38;2;145;80;234mc[38;2;156;100;235ml[38;2;195;161;243mO[38;2;210;186;247m0[38;2;200;169;244mO[38;2;151;91;234ml[38;2;143;78;233mc[38;2;143;79;234mc[38;2;103;69;150m;[38;2;3;2;4m [38;2;23;23;23m [38;2;3;3;3m [38;2;0;0;0m              [0m
[0m[38;2;0;0;0m                [38;2;8;8;8m [38;2;3;3;5m [38;2;143;90;231ml[38;2;144;89;235ml[38;2;143;78;234mc[38;2;143;78;233mc[38;2;137;79;220mc[38;2;101;59;159m,[38;2;91;54;142m,[38;2;102;60;161m;[38;2;82;82;82m [38;2;8;8;8m [38;2;33;21;52m [38;2;146;85;234mc[38;2;183;155;246mk[38;2;185;161;247mk[38;2;185;161;246mk[38;2;178;148;245mk[38;2;158;108;238mo[38;2;144;80;233mc[38;2;154;94;236ml[38;2;155;97;235ml[38;2;143;78;233mc[38;2;143;78;233mc[38;2;143;78;234mc[38;2;143;78;234mc[38;2;143;78;233mc[38;2;106;67;160m;[38;2;1;1;1m [38;2;0;0;0m               [0m
[0m[38;2;0;0;0m                 [38;2;3;3;3m [38;2;43;43;43m [38;2;73;73;73m [38;2;94;94;94m [38;2;106;106;106m [38;2;115;115;115m [38;2;100;100;100m [38;2;81;81;81m [38;2;44;44;44m [38;2;1;1;1m [38;2;0;0;0m [38;2;21;15;28m [38;2;164;119;240md[38;2;170;131;242md[38;2;172;136;242mx[38;2;184;162;247mk[38;2;172;135;242mx[38;2;164;120;241md[38;2;154;100;237ml[38;2;143;78;234mc[38;2;143;78;234mccccc[38;2;143;78;234mc[38;2;143;78;234mc[38;2;99;64;147m;[38;2;2;2;2m [38;2;0;0;0m              [0m
[0m[38;2;0;0;0m                            [38;2;67;44;99m.[38;2;143;78;234mc[38;2;143;78;234mc[38;2;145;82;234mc[38;2;174;139;244mx[38;2;149;90;234ml[38;2;143;78;234mc[38;2;143;78;234mccccccccc[38;2;143;78;233mc[38;2;103;62;160m,[38;2;86;50;136m'[38;2;77;44;123m.[38;2;77;45;122m.[38;2;79;47;123m'[38;2;71;41;111m.[38;2;72;45;109m.[38;2;65;40;99m.[38;2;63;38;96m.[38;2;54;32;85m.[38;2;54;35;80m.[38;2;43;27;65m.[38;2;42;28;60m.[38;2;29;19;43m [38;2;25;18;34m [0m
[0m[38;2;0;0;0m                         [38;2;1;1;1m [38;2;40;28;57m.[38;2;73;45;111m.[38;2;134;76;214m:[38;2;143;78;234mc[38;2;143;78;234mc[38;2;143;78;234mc[38;2;143;78;234mc[38;2;143;78;233mc[38;2;143;78;234mc[38;2;143;78;234mcccccccccccccc[38;2;143;78;234mc[38;2;143;78;234mc[38;2;143;78;234mc[38;2;143;78;234mc[38;2;143;78;233mc[38;2;143;78;234mc[38;2;142;78;231mc[38;2;137;73;225m:[38;2;132;70;219m:[38;2;118;62;197m;[38;2;1;0;1m [0m
[0m[38;2;0;0;0m                    [38;2;7;6;8m [38;2;37;25;54m.[38;2;63;40;95m.[38;2;85;51;134m'[38;2;113;66;177m;[38;2;139;80;222mc[38;2;143;78;233mc[38;2;143;78;234mc[38;2;143;78;234mc[38;2;143;78;234mcccccccccccccccc[38;2;143;78;234mc[38;2;143;78;234mc[38;2;143;78;233mc[38;2;147;85;234mc[38;2;156;102;236ml[38;2;160;115;238mo[38;2;162;127;239md[38;2;166;141;241mx[38;2;172;155;243mk[38;2;181;170;245mO[38;2;202;187;244m0[38;2;123;97;170mc[38;2;41;41;41m [38;2;24;24;24m [38;2;3;3;3m [0m
[0m[38;2;0;0;0m               [38;2;19;15;26m [38;2;47;31;70m.[38;2;74;45;114m.[38;2;100;59;156m,[38;2;125;74;197m:[38;2;143;81;230mc[38;2;143;78;234mc[38;2;143;78;234mc[38;2;143;78;234mc[38;2;143;78;234mc[38;2;143;78;234mc[38;2;143;78;234mccccccc[38;2;143;78;234mc[38;2;143;78;234mc[38;2;143;78;234mc[38;2;143;78;234mc[38;2;143;78;233mc[38;2;143;78;233mc[38;2;143;78;233mc[38;2;143;80;234mc[38;2;143;84;234mc[38;2;145;93;236ml[38;2;147;107;237mo[38;2;158;125;239md[38;2;185;150;242mk[38;2;193;167;244mO[38;2;203;184;246m0[38;2;211;198;248mK[38;2;211;199;248mK[38;2;204;196;247mK[38;2;189;188;247m0[38;2;183;185;246m0[38;2;183;185;246m0[38;2;183;185;246mO[38;2;195;191;246m0[38;2;212;200;248mK[38;2;74;71;82m,[38;2;0;0;0m  [0m
[0m[38;2;0;0;0m            [38;2;16;16;16m [38;2;69;41;108m.[38;2;121;70;194m:[38;2;137;74;224mc[38;2;138;74;226mc[38;2;138;75;229mc[38;2;139;75;229mc[38;2;139;75;229mc[38;2;139;75;229mc[38;2;147;85;233mc[38;2;149;88;234ml[38;2;151;91;235ml[38;2;150;94;236ml[38;2;151;99;236ml[38;2;157;105;236mo[38;2;164;114;237mo[38;2;159;116;238mo[38;2;148;116;239mo[38;2;149;122;240mo[38;2;150;128;241md[38;2;150;134;242md[38;2;159;145;242mx[38;2;189;164;244mO[38;2;210;177;244m0[38;2;172;119;225md[38;2;97;41;203m,[38;2;114;89;221mc[38;2;153;163;245mk[38;2;154;166;247mk[38;2;155;169;248mk[38;2;154;170;247mk[38;2;155;170;245mk[38;2;157;167;244mk[38;2;197;192;247m0[38;2;211;200;249mK[38;2;203;196;247mK[38;2;194;191;247m0[38;2;185;186;246m0[38;2;183;185;246m0[38;2;183;185;246m0[38;2;183;185;246m0[38;2;183;185;246m0[38;2;184;185;246m0[38;2;204;196;247mK[38;2;212;200;248mK[38;2;207;196;239mK[38;2;5;5;5m [38;2;0;0;0m [0m
[0m[38;2;0;0;0m             [38;2;15;15;15m [38;2;27;27;27m [38;2;39;39;39m [38;2;44;44;44m [38;2;52;52;52m [38;2;58;58;58m [38;2;67;67;67m [38;2;3;2;5m [38;2;208;193;245mK[38;2;212;200;248mK[38;2;207;198;248mK[38;2;183;185;246mO[38;2;190;189;247m0[38;2;211;200;248mK[38;2;211;200;248mK[38;2;170;178;247mO[38;2;154;170;247mk[38;2;154;170;247mk[38;2;156;170;246mk[38;2;191;189;246m0[38;2;231;209;248mX[38;2;236;212;248mX[38;2;193;146;234mk[38;2;119;42;212m,[38;2;65;2;190m.[38;2;63;3;190m.[38;2;157;167;247mk[38;2;173;179;247mO[38;2;154;170;247mk[38;2;185;186;246m0[38;2;195;163;238mO[38;2;113;58;199m;[38;2;124;98;220mc[38;2;185;186;247m0[38;2;183;185;246m0[38;2;183;185;246m0[38;2;183;185;246m0[38;2;183;185;246m0[38;2;183;185;246m0[38;2;186;187;246m0[38;2;197;192;247m0[38;2;208;198;248mK[38;2;212;200;248mK[38;2;212;200;248mK[38;2;212;200;248mK[38;2;76;73;86m'[38;2;0;0;0m [0m
[0m[38;2;0;0;0m                    [38;2;3;3;3m [38;2;140;140;140m [38;2;189;179;221mO[38;2;209;198;247mK[38;2;184;185;246m0[38;2;188;188;246m0[38;2;210;199;248mK[38;2;212;200;248mK[38;2;163;174;247mk[38;2;153;168;246mk[38;2;132;130;231mo[38;2;196;188;245m0[38;2;236;212;248mX[38;2;236;212;248mX[38;2;236;212;249mX[38;2;179;119;227md[38;2;147;68;217m:[38;2;119;46;208m,[38;2;113;74;214m:[38;2;165;174;247mO[38;2;176;181;246mO[38;2;178;182;246mO[38;2;235;211;250mX[38;2;151;85;221mc[38;2;69;5;193m.[38;2;121;91;218mc[38;2;183;185;246m0[38;2;183;185;246m0[38;2;183;185;246mO[38;2;188;187;246m0[38;2;196;192;247m0[38;2;204;196;248mK[38;2;211;200;248mK[38;2;212;200;248mK[38;2;212;200;248mK[38;2;212;200;248mK[38;2;212;200;248mK[38;2;181;171;210mk[38;2;53;51;59m.[38;2;0;0;0m [0m
[0m[38;2;93;93;93m [38;2;142;135;164mo[38;2;177;168;206mk[38;2;191;181;222mO[38;2;202;192;233m0[38;2;202;192;234m0[38;2;192;183;223mO[38;2;170;161;197mx[38;2;136;129;156mo[38;2;83;80;96m,[38;2;10;9;11m [38;2;0;0;0m           [38;2;72;72;72m [38;2;118;112;137mc[38;2;205;197;248mK[38;2;186;187;246m0[38;2;188;187;246m0[38;2;209;199;248mK[38;2;189;188;247m0[38;2;154;166;246mk[38;2;109;84;215m:[38;2;221;203;247mK[38;2;214;201;247mK[38;2;207;197;247mK[38;2;201;194;247m0[38;2;189;176;243mO[38;2;159;125;230md[38;2;157;132;234md[38;2;152;165;246mk[38;2;149;166;247mk[38;2;154;170;247mk[38;2;207;197;247mK[38;2;235;212;248mX[38;2;191;138;230mx[38;2;142;79;217mc[38;2;171;164;240mk[38;2;185;186;246m0[38;2;194;191;247m0[38;2;204;197;248mK[38;2;212;200;248mK[38;2;212;200;248mK[38;2;212;200;248mK[38;2;212;200;248mKK[38;2;212;200;248mK[38;2;212;200;248mK[38;2;168;159;197mx[38;2;56;54;63m.[38;2;43;43;43m [38;2;0;0;0m [0m
[0m[38;2;0;0;0m [38;2;44;44;44m [38;2;105;105;105m [38;2;169;169;169m [38;2;165;155;192mx[38;2;212;200;248mK[38;2;212;200;248mK[38;2;212;200;248mK[38;2;212;200;248mK[38;2;212;200;248mK[38;2;205;195;239mK[38;2;118;113;135mc[38;2;3;3;3m [38;2;8;7;9m [38;2;5;5;5m [38;2;0;0;0m  [38;2;11;11;11m [38;2;57;55;64m.[38;2;14;13;15m [38;2;0;0;0m [38;2;3;3;3m [38;2;52;50;58m.[38;2;178;169;206mk[38;2;212;200;248mK[38;2;207;197;247mK[38;2;183;185;247m0[38;2;194;191;247m0[38;2;212;200;247mK[38;2;177;182;247mO[38;2;150;167;247mk[38;2;141;162;248mx[38;2;144;164;247mx[38;2;150;168;247mk[38;2;153;169;247mk[38;2;154;170;247mk[38;2;145;165;246mk[38;2;139;161;246mx[38;2;140;162;247mx[38;2;139;162;246mx[38;2;128;154;246mx[38;2;166;175;246mO[38;2;188;187;247m0[38;2;192;172;238mO[38;2;131;100;217ml[38;2;183;170;240mO[38;2;210;199;248mK[38;2;212;200;247mK[38;2;212;200;248mK[38;2;212;200;248mK[38;2;212;200;248mK[38;2;212;200;248mK[38;2;212;200;248mK[38;2;212;200;248mK[38;2;151;143;177md[38;2;173;173;173m [38;2;96;96;96m [38;2;16;16;16m [38;2;0;0;0m  [0m
[0m[38;2;171;163;199mk[38;2;197;187;229m0[38;2;201;189;234m0[38;2;201;189;234m0[38;2;211;199;246mK[38;2;212;200;248mK[38;2;212;200;248mKKK[38;2;212;200;248mK[38;2;212;200;248mK[38;2;206;185;248m0[38;2;158;116;212mo[38;2;170;111;240mo[38;2;202;154;220mk[38;2;187;144;203mx[38;2;154;113;185mo[38;2;122;84;169m:[38;2;190;155;245mk[38;2;199;171;247mO[38;2;191;169;232mO[38;2;166;124;231md[38;2;171;128;239md[38;2;173;132;240mx[38;2;177;138;240mx[38;2;179;144;241mx[38;2;168;145;240mx[38;2;187;173;245mO[38;2;212;200;247mK[38;2;195;192;247m0[38;2;139;161;247mx[38;2;133;156;247mx[38;2;132;157;247mx[38;2;139;161;247mx[38;2;150;167;247mk[38;2;145;165;247mk[38;2;121;150;247md[38;2;128;155;247mx[38;2;139;161;247mx[38;2;140;161;246mx[38;2;150;168;247mk[38;2;155;170;247mk[38;2;170;178;247mO[38;2;187;187;246m0[38;2;207;197;248mK[38;2;212;200;247mK[38;2;212;200;248mK[38;2;171;162;199mx[38;2;192;192;192m [38;2;167;167;167m [38;2;141;141;141m [38;2;115;115;115m [38;2;86;86;86m [38;2;51;51;51m [38;2;26;26;26m [38;2;0;0;0m     [0m
[0m[38;2;212;200;248mKKKKKKK[38;2;212;200;248mK[38;2;212;200;248mK[38;2;209;193;247mK[38;2;191;154;247mk[38;2;183;133;245mx[38;2;171;108;248mo[38;2;196;140;234mx[38;2;218;170;223mO[38;2;223;176;220m0[38;2;199;144;234mk[38;2;174;112;245md[38;2;171;108;248mo[38;2;179;119;243md[38;2;157;93;239ml[38;2;143;78;234mc[38;2;143;78;234mcccc[38;2;143;78;234mc[38;2;144;81;233mc[38;2;170;128;238md[38;2;160;165;245mk[38;2;137;160;247mx[38;2;137;160;248mx[38;2;139;161;247mx[38;2;144;164;247mx[38;2;147;166;247mk[38;2;150;168;247mk[38;2;152;169;246mk[38;2;52;57;80m.[38;2;123;123;123m [38;2;3;3;4m [38;2;167;176;243mO[38;2;177;182;246mO[38;2;183;185;246mO[38;2;202;195;247mK[38;2;212;200;248mK[38;2;36;34;41m.[38;2;62;62;62m [38;2;28;28;28m [38;2;1;1;1m [38;2;0;0;0m           [0m
[0m[38;2;212;200;248mKKKKK[38;2;212;200;248mK[38;2;212;200;248mK[38;2;212;200;248mK[38;2;198;168;247mO[38;2;174;119;246md[38;2;163;106;247mo[38;2;171;109;247mo[38;2;171;108;247mo[38;2;171;108;249mo[38;2;172;110;247mo[38;2;176;115;245md[38;2;171;108;248mo[38;2;176;115;244md[38;2;189;133;236mx[38;2;222;174;223m0[38;2;148;84;232mc[38;2;143;78;234mc[38;2;143;78;234mcccccc[38;2;143;78;234mc[38;2;144;89;235ml[38;2;151;145;243mx[38;2;154;170;247mk[38;2;154;170;247mk[38;2;154;170;247mk[38;2;154;170;247mk[38;2;154;170;247mk[38;2;154;170;247mk[38;2;70;73;103m,[38;2;0;0;0m [38;2;3;3;3m [38;2;112;112;112m [38;2;48;48;63m.[38;2;183;185;246mO[38;2;189;188;247m0[38;2;206;197;248mK[38;2;179;170;207mk[38;2;132;125;152ml[38;2;75;72;86m'[38;2;101;101;101m [38;2;5;5;5m [38;2;0;0;0m          [0m
[0m[38;2;212;200;248mKKKKK[38;2;212;200;248mK[38;2;210;195;248mK[38;2;186;142;246mx[38;2;171;108;248mo[38;2;195;158;246mk[38;2;196;159;246mO[38;2;187;143;246mx[38;2;193;151;247mk[38;2;172;112;247md[38;2;171;108;248mo[38;2;171;108;247mo[38;2;171;108;248mo[38;2;186;128;240mx[38;2;215;166;223mO[38;2;189;135;225mx[38;2;143;78;234mc[38;2;143;78;234mc[38;2;143;78;234mc[38;2;143;78;234mc[38;2;145;80;235mc[38;2;154;89;239ml[38;2;151;87;238ml[38;2;144;79;234mc[38;2;143;78;234mc[38;2;143;78;233mc[38;2;143;79;234mc[38;2;148;119;239mo[38;2;154;166;246mk[38;2;154;170;247mk[38;2;163;176;246mO[38;2;164;176;247mO[38;2;160;173;247mk[38;2;153;142;238md[38;2;15;11;21m [38;2;0;0;0m  [38;2;7;7;7m [38;2;44;44;44m [38;2;65;65;65m [38;2;66;66;66m [38;2;67;67;67m [38;2;48;48;48m [38;2;20;20;20m [38;2;0;0;0m            [0m
[0m[38;2;212;200;248mKKK[38;2;212;200;248mK[38;2;212;200;248mK[38;2;203;180;248m0[38;2;177;122;247md[38;2;173;113;247md[38;2;193;152;247mk[38;2;209;183;247m0[38;2;211;187;247m0[38;2;211;187;247m0[38;2;202;166;246mO[38;2;173;112;247md[38;2;171;108;248mo[38;2;171;108;248mo[38;2;171;108;248mo[38;2;171;108;247mo[38;2;213;163;226mO[38;2;153;90;232ml[38;2;143;78;233mc[38;2;143;78;234mc[38;2;151;87;238ml[38;2;161;98;242mo[38;2;178;123;246md[38;2;172;111;246mo[38;2;196;157;247mk[38;2;174;115;246md[38;2;163;100;243mo[38;2;155;91;239ml[38;2;145;86;235mc[38;2;143;78;234mc[38;2;148;129;236md[38;2;167;198;239m0[38;2;205;207;244mK[38;2;218;206;245mK[38;2;195;204;244mK[38;2;160;173;241mk[38;2;117;76;180m:[38;2;4;4;4m [38;2;0;0;0m                    [0m
[0m[38;2;212;200;248mK[38;2;212;200;248mK[38;2;212;200;248mK[38;2;212;200;249mK[38;2;197;165;247mO[38;2;179;121;243md[38;2;172;110;246mo[38;2;171;108;248mo[38;2;171;109;247mo[38;2;190;147;246mk[38;2;210;184;247m0[38;2;191;147;246mk[38;2;191;149;247mk[38;2;190;145;246mk[38;2;171;109;247mo[38;2;171;108;248mo[38;2;171;108;248mo[38;2;171;108;247mo[38;2;163;101;240mo[38;2;146;81;235mc[38;2;157;92;241ml[38;2;168;104;246mo[38;2;171;108;247mo[38;2;171;108;248mo[38;2;171;108;247mo[38;2;171;108;248mo[38;2;171;108;248mo[38;2;168;118;247md[38;2;163;139;247mx[38;2;158;159;247mk[38;2;155;168;248mk[38;2;146;156;243mx[38;2;135;177;243mk[38;2;155;187;242mO[38;2;235;212;250mX[38;2;236;212;248mX[38;2;172;191;242mO[38;2;132;165;239mx[38;2;142;84;233mc[38;2;23;17;33m [38;2;0;0;0m                    [0m
[0m[38;2;212;200;248mK[38;2;212;200;248mK[38;2;211;198;248mK[38;2;189;149;246mk[38;2;182;123;241md[38;2;190;133;237mx[38;2;171;108;248mo[38;2;171;108;248mo[38;2;171;108;248mo[38;2;177;121;247md[38;2;181;128;247mx[38;2;171;108;248mo[38;2;171;108;248mo[38;2;182;122;241md[38;2;193;136;236mx[38;2;192;136;235mx[38;2;183;124;242md[38;2;171;108;248mo[38;2;167;104;246mo[38;2;170;107;248mo[38;2;171;108;248mo[38;2;171;108;248mo[38;2;171;108;248mo[38;2;171;108;248mo[38;2;171;108;248mo[38;2;166;125;248md[38;2;159;152;247mx[38;2;155;169;247mk[38;2;154;170;247mk[38;2;154;170;247mk[38;2;154;170;247mk[38;2;145;168;244mk[38;2;97;151;236mo[38;2;99;142;228mo[38;2;158;166;234mk[38;2;143;153;229mx[38;2;78;97;218m:[38;2;134;98;233ml[38;2;143;78;233mc[38;2;90;56;139m,[38;2;0;0;0m                    [0m
[0m[38;2;212;200;248mK[38;2;209;193;248mK[38;2;182;131;246mx[38;2;171;108;248mo[38;2;171;108;248mo[38;2;171;108;248mo[38;2;171;108;248mo[38;2;163;135;246md[38;2;161;138;245mx[38;2;163;135;245md[38;2;171;108;247mo[38;2;171;108;248mo[38;2;175;114;245md[38;2;193;137;235mx[38;2;220;171;223m0[38;2;197;143;233mk[38;2;181;122;242md[38;2;171;108;248mo[38;2;171;108;248mo[38;2;157;103;247mo[38;2;147;101;247ml[38;2;160;105;248mo[38;2;157;104;247mo[38;2;151;116;246mo[38;2;145;146;247mx[38;2;152;169;248mk[38;2;154;170;247mk[38;2;154;170;247mkkk[38;2;154;170;247mk[38;2;127;153;247md[38;2;154;170;246mk[38;2;144;163;243mx[38;2;132;155;242mx[38;2;117;108;231ml[38;2;115;55;225m;[38;2;30;18;50m [38;2;68;68;68m [38;2;94;94;94m [38;2;8;8;8m [38;2;0;0;0m                   [0m
[0m[38;2;212;200;247mK[38;2;186;143;246mx[38;2;170;111;248mo[38;2;171;108;248mo[38;2;171;108;248mo[38;2;171;108;248mo[38;2;165;124;245md[38;2;154;161;244mk[38;2;153;164;243mk[38;2;158;150;243mx[38;2;170;110;248mo[38;2;171;108;248mo[38;2;171;108;248mo[38;2;172;110;247mo[38;2;179;118;242md[38;2;171;108;247mo[38;2;171;108;248mo[38;2;171;108;248mo[38;2;171;108;248mo[38;2;169;108;248mo[38;2;123;93;246mc[38;2;107;88;246mc[38;2;108;87;241mc[38;2;142;139;241md[38;2;116;148;246md[38;2;154;170;247mk[38;2;154;170;247mk[38;2;154;170;247mkkk[38;2;154;170;248mk[38;2;108;135;240mo[38;2;136;160;247mx[38;2;115;148;247md[38;2;98;136;246mo[38;2;112;61;227m;[38;2;116;49;223m;[38;2;19;13;30m [38;2;0;0;0m                      [0m
