[0m[38;2;0;0;0m                                   [0m
[0m[38;2;0;0;0m                                   [0m
[0m[38;2;0;0;0m           [38;2;25;16;35m [38;2;70;42;109m.[38;2;90;52;143m'[38;2;93;65;149m,[38;2;91;53;145m'[38;2;80;47;127m'[38;2;64;42;91m.[38;2;26;19;32m [38;2;0;0;0m [38;2;0;0;0m               [0m
[0m[38;2;0;0;0m         [38;2;2;2;2m [38;2;146;115;150ml[38;2;186;131;224mx[38;2;150;87;232ml[38;2;143;78;234mc[38;2;143;79;234mc[38;2;144;81;235mc[38;2;143;78;234mc[38;2;181;125;226md[38;2;225;179;218m0[38;2;148;100;194ml[38;2;81;48;127m'[38;2;24;16;35m [38;2;4;3;5m [38;2;15;11;20m [38;2;3;2;4m [38;2;0;0;0m          [0m
[0m[38;2;0;0;0m         [38;2;41;25;63m.[38;2;147;83;232mc[38;2;151;88;232ml[38;2;103;58;167m,[38;2;59;59;59m [38;2;74;74;74m [38;2;102;60;158m,[38;2;146;81;233mc[38;2;143;78;234mc[38;2;153;90;232ml[38;2;143;78;234mc[38;2;140;79;235mc[38;2;141;79;233mc[38;2;114;68;179m;[38;2;78;56;109m'[38;2;44;32;60m.[38;2;12;9;16m [38;2;0;0;0m         [0m
[0m[38;2;0;0;0m         [38;2;18;14;26m [38;2;148;124;238mo[38;2;143;80;234mc[38;2;108;64;168m;[38;2;0;0;0m  [38;2;10;7;14m [38;2;100;57;166m,[38;2;159;108;238mo[38;2;156;103;238mo[38;2;161;113;239mo[38;2;148;86;235ml[38;2;187;148;241mk[38;2;178;134;240mx[38;2;142;79;230mc[38;2;98;63;146m,[38;2;5;4;7m [38;2;15;15;15m [38;2;0;0;0m        [0m
[0m[38;2;0;0;0m         [38;2;11;11;11m [38;2;98;98;98m [38;2;77;45;124m.[38;2;143;78;233mc[38;2;117;67;187m;[38;2;34;20;53m [38;2;49;49;49m [38;2;13;9;20m [38;2;167;126;241md[38;2;184;159;247mk[38;2;178;147;244mx[38;2;155;102;237ml[38;2;153;94;235ml[38;2;146;83;234mc[38;2;143;78;234mc[38;2;143;78;234mc[38;2;94;57;146m,[38;2;0;0;0m [38;2;0;0;0m        [0m
[0m[38;2;0;0;0m           [38;2;8;8;8m [38;2;24;24;24m [38;2;24;24;24m [38;2;5;5;5m [38;2;0;0;0m [38;2;33;21;50m.[38;2;147;87;235ml[38;2;155;103;237mo[38;2;154;100;237ml[38;2;143;78;234mc[38;2;143;78;234mc[38;2;143;78;234mcc[38;2;143;78;234mc[38;2;143;78;234mc[38;2;97;57;152m,[38;2;72;41;116m.[38;2;71;41;113m.[38;2;67;39;107m.[38;2;64;38;100m.[38;2;59;34;93m.[38;2;55;33;85m.[38;2;47;28;73m.[38;2;39;24;60m.[0m
[0m[38;2;0;0;0m           [38;2;2;2;2m [38;2;21;15;30m [38;2;46;28;72m.[38;2;74;43;117m.[38;2;106;61;168m,[38;2;138;77;222mc[38;2;143;78;234mc[38;2;143;78;234mc[38;2;143;78;234mc[38;2;143;78;234mc[38;2;143;78;234mc[38;2;143;78;234mccc[38;2;143;78;234mc[38;2;143;78;234mc[38;2;143;78;234mc[38;2;147;85;234mc[38;2;153;101;236ml[38;2;156;114;238mo[38;2;162;129;240md[38;2;170;134;234md[38;2;19;11;31m [38;2;44;44;44m [0m
[0m[38;2;0;0;0m       [38;2;10;7;15m [38;2;55;33;86m.[38;2;82;47;131m'[38;2;111;64;176m;[38;2;136;77;217mc[38;2;143;78;234mc[38;2;143;78;234mc[38;2;143;78;234mc[38;2;143;78;233mc[38;2;145;82;234mc[38;2;144;87;235mc[38;2;145;94;236ml[38;2;147;100;237ml[38;2;163;113;238mo[38;2;141;80;227mc[38;2;138;95;233ml[38;2;147;115;239mo[38;2;148;121;240mo[38;2;150;134;241md[38;2;186;165;244mO[38;2;204;186;246m0[38;2;204;195;247mK[38;2;194;191;247m0[38;2;183;185;246m0[38;2;183;185;246mO[38;2;200;194;247m0[38;2;118;112;136mc[38;2;0;0;0m [0m
[0m[38;2;0;0;0m       [38;2;12;12;12m [38;2;33;33;33m [38;2;44;44;44m [38;2;51;51;51m [38;2;58;58;58m [38;2;91;78;115m;[38;2;200;182;245m0[38;2;181;175;245mO[38;2;206;192;247m0[38;2;184;185;248m0[38;2;154;170;247mk[38;2;171;178;247mO[38;2;221;204;248mK[38;2;213;176;241m0[38;2;111;42;205m,[38;2;92;54;209m,[38;2;170;177;247mO[38;2;172;179;247mO[38;2;164;131;228md[38;2;130;104;221ml[38;2;186;186;246m0[38;2;183;185;246m0[38;2;184;185;246m0[38;2;191;189;247m0[38;2;202;195;247m0[38;2;212;200;248mK[38;2;189;179;221mO[38;2;8;8;9m [0m
[0m[38;2;9;9;10m [38;2;121;115;141mc[38;2;134;127;155ml[38;2;133;126;154ml[38;2;113;107;131mc[38;2;66;63;76m'[38;2;1;1;1m [38;2;0;0;0m     [38;2;32;32;32m [38;2;57;54;67m.[38;2;194;191;246m0[38;2;195;192;247m0[38;2;191;189;247m0[38;2;135;134;234md[38;2;209;193;245mK[38;2;213;200;247mK[38;2;195;175;242mO[38;2;155;111;228mo[38;2;146;145;240md[38;2;155;170;246mk[38;2;221;204;248mK[38;2;170;114;225mo[38;2;147;126;228mo[38;2;189;188;246m0[38;2;200;194;247m0[38;2;209;199;248mK[38;2;212;200;248mK[38;2;212;200;248mK[38;2;196;185;229m0[38;2;47;45;54m.[38;2;20;20;20m [0m
[0m[38;2;91;86;105m;[38;2;152;144;176md[38;2;207;196;242mK[38;2;212;200;248mK[38;2;212;200;248mK[38;2;212;200;248mK[38;2;183;173;214mO[38;2;83;59;112m'[38;2;97;73;112m,[38;2;75;55;90m'[38;2;95;79;119m;[38;2;105;96;125m:[38;2;92;76;118m,[38;2;155;133;196md[38;2;198;176;245mO[38;2;180;173;244mO[38;2;208;198;248mK[38;2;167;176;247mO[38;2;137;159;247mx[38;2;143;163;247mx[38;2;150;168;247mk[38;2;130;156;247mx[38;2;139;161;247mx[38;2;140;162;246mx[38;2;165;175;247mO[38;2;177;164;238mk[38;2;196;183;244m0[38;2;212;200;248mK[38;2;130;122;151ml[38;2;188;188;188m [38;2;158;158;158m [38;2;128;128;128m [38;2;81;81;81m [38;2;10;10;10m [38;2;0;0;0m [0m
[0m[38;2;212;200;248mK[38;2;212;200;248mK[38;2;212;200;248mK[38;2;212;200;248mK[38;2;212;200;248mK[38;2;199;175;247mO[38;2;181;132;246mx[38;2;177;115;245md[38;2;206;154;229mk[38;2;195;139;235mx[38;2;171;108;247mo[38;2;181;122;239md[38;2;144;80;234mc[38;2;143;78;234mc[38;2;143;78;234mc[38;2;143;78;234mc[38;2;161;111;237mo[38;2;149;154;245mx[38;2;143;163;247mx[38;2;148;166;247mk[38;2;151;168;247mk[38;2;121;133;190mo[38;2;90;90;90m [38;2;45;47;64m.[38;2;180;183;246mO[38;2;201;194;247m0[38;2;163;154;188mx[38;2;66;63;75m'[38;2;20;19;21m [38;2;0;0;0m      [0m
[0m[38;2;212;200;248mK[38;2;212;200;248mK[38;2;212;200;248mK[38;2;210;196;248mK[38;2;188;147;247mk[38;2;186;139;246mx[38;2;188;142;247mx[38;2;181;128;247mx[38;2;171;108;248mo[38;2;171;108;247mo[38;2;197;142;233mk[38;2;178;121;227md[38;2;143;78;234mc[38;2;143;78;234mc[38;2;150;85;238ml[38;2;153;92;238ml[38;2;145;79;235mc[38;2;144;83;234mc[38;2;150;136;242md[38;2;156;172;246mk[38;2;166;178;246mO[38;2;159;168;242mk[38;2;16;11;23m [38;2;10;10;10m [38;2;65;65;65m [38;2;90;90;90m [38;2;95;95;95m [38;2;75;75;75m [38;2;27;27;27m [38;2;0;0;0m      [0m
[0m[38;2;212;200;248mK[38;2;212;200;248mK[38;2;205;185;248m0[38;2;181;128;246mx[38;2;175;116;247md[38;2;198;162;247mO[38;2;204;173;247mO[38;2;191;148;247mk[38;2;172;111;247mo[38;2;171;108;248mo[38;2;179;120;241md[38;2;149;85;234mc[38;2;156;92;240ml[38;2;167;104;245mo[38;2;174;114;247md[38;2;181;128;247mx[38;2;166;121;247md[38;2;154;131;243md[38;2;143;129;239md[38;2;166;194;242mO[38;2;228;210;247mX[38;2;167;192;242mO[38;2;113;78;178m:[38;2;0;0;0m [38;2;0;0;0m           [0m
[0m[38;2;212;200;248mK[38;2;200;173;247mO[38;2;179;121;244md[38;2;176;115;245md[38;2;169;114;248md[38;2;174;124;247md[38;2;172;111;247md[38;2;179;119;243md[38;2;202;148;231mk[38;2;187;130;239mx[38;2;170;107;247mo[38;2;167;106;247mo[38;2;171;108;248mo[38;2;169;108;248mo[38;2;164;129;248md[38;2;158;157;247mx[38;2;154;170;247mk[38;2;154;170;247mk[38;2;135;163;244mx[38;2;121;154;235md[38;2;146;154;234mx[38;2;84;70;177m,[38;2;40;23;65m.[38;2;13;9;19m [38;2;0;0;0m           [0m
[0m[38;2;207;190;248m0[38;2;172;113;247md[38;2;171;108;248mo[38;2;169;112;247mo[38;2;155;158;244mx[38;2;159;146;244mx[38;2;171;108;248mo[38;2;171;108;248mo[38;2;185;126;240mx[38;2;171;108;248mo[38;2;171;108;248mo[38;2;148;101;247ml[38;2;121;93;246mc[38;2;130;116;242mo[38;2;133;158;247mx[38;2;154;170;247mk[38;2;154;170;247mk[38;2;154;170;247mk[38;2;127;152;245md[38;2;132;157;247mx[38;2;112;101;236mc[38;2;80;40;144m.[38;2;9;9;9m [38;2;11;11;11m [38;2;0;0;0m           [0m
