[0m[38;2;0;0;0m                                          [38;2;3;3;3m [38;2;109;105;110m:[38;2;29;29;29m [38;2;0;0;0m               [0m
[0m[38;2;0;0;0m                                      [38;2;3;3;3m [38;2;24;27;38m.[38;2;88;94;113m;[38;2;104;112;141mc[38;2;109;118;149mc[38;2;158;139;166md[38;2;160;148;165md[38;2;73;79;99m,[38;2;83;86;98m,[38;2;72;73;74m'[38;2;10;9;10m [38;2;18;18;18m [38;2;2;2;2m [38;2;0;0;0m         [0m
[0m[38;2;0;0;0m                                    [38;2;0;0;0m [38;2;14;16;25m [38;2;90;98;128m:[38;2;94;106;148m:[38;2;56;71;122m'[38;2;56;69;112m'[38;2;81;92;130m;[38;2;124;109;132mc[38;2;213;190;218m0[38;2;137;134;156mo[38;2;70;71;129m,[38;2;89;83;139m;[38;2;108;100;136m:[38;2;103;101;120m:[38;2;41;37;43m.[38;2;54;54;54m [38;2;31;31;31m [38;2;11;11;11m [38;2;0;0;0m [38;2;0;0;0m     [0m
[0m[38;2;0;0;0m                                    [38;2;14;17;29m [38;2;46;60;107m.[38;2;61;76;131m,[38;2;25;32;57m.[38;2;48;57;87m.[38;2;92;100;132m:[38;2;96;109;155mc[38;2;65;62;89m'[38;2;175;148;184mx[38;2;145;119;160ml[38;2;96;61;123m,[38;2;102;58;127m,[38;2;121;73;139m;[38;2;131;85;147m:[38;2;131;91;138m:[38;2;118;105;114m:[38;2;46;41;45m.[38;2;86;86;86m [38;2;45;45;45m [38;2;19;19;19m [38;2;0;0;0m    [0m
[0m[38;2;0;0;0m                                   [38;2;7;7;7m [38;2;58;58;58m [38;2;55;55;55m [38;2;16;18;27m [38;2;35;40;58m.[38;2;63;76;119m,[38;2;61;77;134m,[38;2;61;67;127m'[38;2;75;41;109m.[38;2;97;60;123m,[38;2;128;59;133m;[38;2;186;98;152ml[38;2;209;122;164md[38;2;214;126;169mx[38;2;181;119;160mo[38;2;158;112;154ml[38;2;156;113;155ml[38;2;124;105;131mc[38;2;117;109;117mc[38;2;112;112;112m [38;2;74;74;74m [38;2;22;22;22m [38;2;3;3;3m [38;2;0;0;0m  [0m
[0m[38;2;0;0;0m                                     [38;2;8;8;8m [38;2;52;52;52m.[38;2;83;83;83m,[38;2;43;40;49m.[38;2;118;107;141mc[38;2;118;99;141m:[38;2;106;69;121m,[38;2;101;49;117m'[38;2;188;71;129mc[38;2;193;96;147ml[38;2;190;108;159mo[38;2;68;73;126m,[38;2;90;103;152m:[38;2;89;103;152m:[38;2;77;91;140m;[38;2;76;90;138m;[38;2;86;97;135m;[38;2;71;75;91m,[38;2;30;31;35m.[38;2;90;90;90m [38;2;24;24;24m [38;2;0;0;0m  [0m
[0m[38;2;0;0;0m                                     [38;2;8;8;8m [38;2;99;99;99m:[38;2;112;111;112mc[38;2;127;121;130ml[38;2;206;185;213m0[38;2;215;193;221m0[38;2;211;186;217m0[38;2;197;171;202mO[38;2;103;86;103m;[38;2;86;43;68m.[38;2;81;60;100m'[38;2;91;103;152m:[38;2;89;102;147m:[38;2;83;95;137m;[38;2;103;115;157mc[38;2;84;99;148m:[38;2;86;100;149m:[38;2;99;110;152mc[38;2;98;104;126m:[38;2;44;44;47m.[38;2;32;29;33m.[38;2;29;29;29m.[38;2;11;11;11m [0m
[0m[38;2;0;0;0m                                    [38;2;46;46;46m [38;2;105;104;105m:[38;2;174;165;181mk[38;2;165;158;171mx[38;2;174;158;178mx[38;2;218;197;224mK[38;2;218;197;224mK[38;2;190;170;196mk[38;2;114;108;117mc[38;2;20;20;20m [38;2;153;153;153md[38;2;182;182;182mO[38;2;38;37;49m.[38;2;60;68;102m'[38;2;103;112;157mc[38;2;102;110;150mc[38;2;64;76;123m,[38;2;66;73;115m,[38;2;126;126;157ml[38;2;162;154;175mx[38;2;162;148;166md[38;2;192;178;195mO[38;2;202;189;206m0[38;2;95;91;96m;[0m
[0m[38;2;0;0;0m                                   [38;2;7;7;7m [38;2;146;135;149mo[38;2;174;167;175mk[38;2;209;201;211mK[38;2;231;220;233mX[38;2;228;212;231mX[38;2;226;209;230mX[38;2;222;204;227mK[38;2;178;170;180mk[38;2;171;163;177mx[38;2;134;126;140ml[38;2;163;156;168mx[38;2;196;191;201m0[38;2;207;198;214m0[38;2;80;76;86m,[38;2;62;72;111m'[38;2;58;69;111m'[38;2;117;108;146mc[38;2;216;199;221mK[38;2;210;187;216m0[38;2;192;170;198mk[38;2;215;194;221mK[38;2;223;204;227mK[38;2;174;151;179mx[38;2;5;5;5m [0m
[0m[38;2;0;0;0m              [38;2;3;3;3m [38;2;3;4;7m [38;2;6;8;15m [38;2;5;7;14m [38;2;8;11;22m [38;2;2;3;6m [38;2;2;2;4m [38;2;0;0;0m              [38;2;23;23;23m [38;2;27;25;28m [38;2;201;181;206mO[38;2;210;193;214m0[38;2;180;160;182mk[38;2;232;219;235mX[38;2;233;220;236mX[38;2;234;218;236mX[38;2;232;214;230mX[38;2;219;206;217mK[38;2;223;217;222mX[38;2;226;223;226mX[38;2;212;209;213mK[38;2;184;175;186mk[38;2;105;90;112m;[38;2;82;76;95m,[38;2;107;98;120m:[38;2;223;205;227mK[38;2;219;198;224mK[38;2;218;197;224mK[38;2;221;201;226mK[38;2;209;184;216m0[38;2;178;151;185mx[38;2;5;5;5m [38;2;10;10;10m [0m
[0m[38;2;0;0;0m          [38;2;5;5;5m [38;2;8;11;19m [38;2;27;36;67m.[38;2;45;56;97m.[38;2;66;79;124m,[38;2;83;95;136m;[38;2;91;102;141m:[38;2;85;97;138m;[38;2;75;86;127m;[38;2;71;83;126m,[38;2;80;92;136m;[38;2;72;82;117m,[38;2;47;52;72m.[38;2;3;3;5m [38;2;0;0;0m            [38;2;12;12;12m [38;2;14;13;14m [38;2;157;77;126m:[38;2;176;145;172mx[38;2;232;219;235mX[38;2;233;220;236mX[38;2;233;220;236mX[38;2;234;218;236mX[38;2;238;214;237mX[38;2;242;208;237mX[38;2;235;198;229mK[38;2;225;188;219m0[38;2;227;199;226mK[38;2;218;197;223mK[38;2;187;165;193mk[38;2;205;189;209m0[38;2;218;196;223mK[38;2;207;180;214m0[38;2;198;172;204mO[38;2;88;75;91m,[38;2;105;105;105m [38;2;45;45;45m [38;2;7;7;7m [38;2;0;0;0m [0m
[0m[38;2;0;0;0m       [38;2;0;0;0m [38;2;2;3;6m [38;2;29;37;65m.[38;2;51;65;114m'[38;2;83;95;136m;[38;2;117;127;160ml[38;2;125;135;170mo[38;2;114;110;149mc[38;2;144;93;143mc[38;2;147;77;129m:[38;2;166;82;135mc[38;2;182;93;148ml[38;2;190;101;155mo[38;2;185;95;151ml[38;2;155;91;146mc[38;2;116;110;154mc[38;2;64;76;121m,[38;2;51;51;70m.[38;2;23;22;23m [38;2;0;0;0m    [38;2;5;5;5m [38;2;53;53;53m.[38;2;36;36;36m.[38;2;15;15;15m [38;2;0;0;0m [38;2;0;0;0m [38;2;17;17;17m [38;2;97;90;93m;[38;2;173;143;150md[38;2;225;210;229mX[38;2;228;213;232mX[38;2;229;214;233mX[38;2;229;214;232mX[38;2;228;212;232mX[38;2;227;210;230mX[38;2;226;205;229mK[38;2;225;201;228mK[38;2;223;200;226mK[38;2;218;197;223mK[38;2;213;190;219m0[38;2;211;187;217m0[38;2;206;178;213mO[38;2;192;160;201mk[38;2;97;91;121m;[38;2;17;17;19m [38;2;20;20;20m [38;2;0;0;0m [38;2;0;0;0m   [0m
[0m[38;2;0;0;0m      [38;2;3;4;7m [38;2;20;26;45m [38;2;54;67;115m'[38;2;95;106;144m:[38;2;145;153;182md[38;2;127;137;169mo[38;2;105;98;141m:[38;2;152;86;139mc[38;2;196;86;143ml[38;2;189;94;150ml[38;2;179;88;155ml[38;2;157;82;154mc[38;2;133;68;143m;[38;2;117;57;136m,[38;2;114;60;136m,[38;2;137;64;140m;[38;2;169;69;140m:[38;2;126;70;131m;[38;2;127;125;142ml[38;2;201;187;204m0[38;2;114;109;115mc[38;2;39;38;39m.[38;2;2;2;2m [38;2;22;22;22m [38;2;59;59;59m.[38;2;126;117;128mc[38;2;210;192;214m0[38;2;193;178;197mO[38;2;156;146;159md[38;2;71;69;72m'[38;2;2;2;2m [38;2;33;33;33m [38;2;69;69;69m [38;2;71;64;73m'[38;2;153;123;159mo[38;2;168;145;181md[38;2;188;163;195mk[38;2;205;179;211mO[38;2;209;183;215m0[38;2;211;187;217m0[38;2;210;186;217m0[38;2;209;184;216m0[38;2;209;183;216m0[38;2;211;186;218m0[38;2;210;184;216m0[38;2;196;162;204mk[38;2;135;122;153ml[38;2;34;36;47m.[38;2;23;23;23m [38;2;0;0;0m     [0m
[0m[38;2;0;0;0m    [38;2;6;6;6m [38;2;7;9;15m [38;2;48;58;96m.[38;2;69;80;118m,[38;2;145;153;182md[38;2;131;140;172mo[38;2;111;106;144mc[38;2;171;119;160mo[38;2;200;90;148ml[38;2;197;89;149ml[38;2;152;92;162mc[38;2;107;58;138m,[38;2;85;53;133m'[38;2;69;63;128m'[38;2;65;70;127m'[38;2;66;77;129m,[38;2;62;73;126m,[38;2;66;77;130m,[38;2;68;70;122m,[38;2;71;59;109m'[38;2;137;128;143ml[38;2;199;178;204mO[38;2;197;174;203mO[38;2;196;180;200mO[38;2;178;165;181mk[38;2;175;165;177mk[38;2;165;153;169mx[38;2;161;145;165md[38;2;193;174;197mO[38;2;186;164;191mk[38;2;184;161;190mk[38;2;193;169;199mk[38;2;149;138;152mo[38;2;32;31;32m.[38;2;64;64;64m.[38;2;101;68;96m,[38;2;120;87;141m:[38;2;44;48;85m.[38;2;175;144;183mx[38;2;195;166;203mk[38;2;210;185;217m0[38;2;212;187;218m0[38;2;215;192;221m0[38;2;218;196;224mK[38;2;218;197;224mK[38;2;213;190;220m0[38;2;197;164;205mk[38;2;147;128;161mo[38;2;28;30;39m.[38;2;30;30;30m [38;2;0;0;0m      [0m
[0m[38;2;0;0;0m   [38;2;2;3;4m [38;2;12;15;25m [38;2;60;66;89m'[38;2;96;104;130m:[38;2;146;154;182md[38;2;89;101;147m:[38;2;97;83;126m;[38;2;221;140;181mk[38;2;194;84;141ml[38;2;186;78;145mc[38;2;116;70;146m;[38;2;90;55;133m'[38;2;85;77;143m,[38;2;72;77;133m,[38;2;62;72;124m'[38;2;58;74;128m,[38;2;60;75;127m,[38;2;26;29;40m.[38;2;51;51;51m [38;2;20;20;20m [38;2;3;4;4m [38;2;107;97;109m:[38;2;178;156;184mx[38;2;195;171;201mO[38;2;194;169;200mO[38;2;198;175;204mO[38;2;205;180;211mO[38;2;195;177;199mO[38;2;191;169;197mk[38;2;232;219;235mX[38;2;233;220;236mX[38;2;228;212;231mX[38;2;201;185;205m0[38;2;192;175;196mO[38;2;146;139;150mo[38;2;94;77;111m,[38;2;108;63;118m,[38;2;94;81;143m;[38;2;36;44;76m.[38;2;161;141;171md[38;2;211;186;218m0[38;2;211;186;218m0[38;2;217;195;223mK[38;2;218;197;224mK[38;2;218;197;224mK[38;2;213;189;219m0[38;2;197;164;206mk[38;2;89;76;93m,[38;2;74;74;74m [38;2;22;22;22m [38;2;0;0;0m       [0m
[0m[38;2;0;0;0m  [38;2;2;2;4m [38;2;14;17;31m [38;2;45;50;67m.[38;2;107;113;133mc[38;2;119;129;165ml[38;2;97;106;151m:[38;2;85;77;126m,[38;2;222;151;187mk[38;2;202;90;146ml[38;2;189;77;146mc[38;2;123;83;150m:[38;2;111;74;151m;[38;2;114;110;162mc[38;2;74;79;135m,[38;2;46;61;115m.[38;2;49;66;124m'[38;2;71;82;121m,[38;2;6;6;8m [38;2;19;19;19m [38;2;0;0;0m [38;2;0;0;0m [38;2;66;61;67m.[38;2;214;191;218m0[38;2;169;137;166md[38;2;150;126;156mo[38;2;198;174;204mO[38;2;197;175;202mO[38;2;217;200;221mK[38;2;174;153;179mx[38;2;196;172;201mO[38;2;230;216;233mX[38;2;233;220;236mX[38;2;233;220;236mX[38;2;206;192;210m0[38;2;199;176;204mO[38;2;93;93;118m;[38;2;135;62;114m;[38;2;111;80;135m;[38;2;88;82;144m;[38;2;48;57;95m.[38;2;78;77;102m,[38;2;202;178;208mO[38;2;217;195;223mK[38;2;218;197;224mK[38;2;218;197;224mK[38;2;207;180;214m0[38;2;195;160;203mk[38;2;74;64;77m'[38;2;44;44;44m [38;2;0;0;0m         [0m
[0m[38;2;0;0;0m [38;2;1;1;1m [38;2;11;14;23m [38;2;34;37;50m.[38;2;102;107;125m:[38;2;133;142;175mo[38;2;83;95;143m;[38;2;76;75;130m,[38;2;201;154;186mk[38;2;217;102;158mo[38;2;192;75;140mc[38;2;124;82;150m:[38;2;120;77;155m:[38;2;126;119;167ml[38;2;84;87;145m;[38;2;46;60;110m.[38;2;53;69;125m'[38;2;72;81;115m,[38;2;8;9;11m [38;2;6;6;6m [38;2;0;0;0m  [38;2;5;5;5m [38;2;118;108;121mc[38;2;215;153;197mk[38;2;230;123;178mx[38;2;194;171;200mO[38;2;134;112;139mc[38;2;152;128;158mo[38;2;203;180;208mO[38;2;172;152;177mx[38;2;212;195;216m0[38;2;229;214;232mX[38;2;233;220;236mX[38;2;232;219;235mX[38;2;153;134;158mo[38;2;131;110;137mc[38;2;82;92;129m;[38;2;174;69;121m:[38;2;76;42;97m.[38;2;100;78;147m;[38;2;71;79;121m,[38;2;83;75;106m,[38;2;80;78;105m,[38;2;163;148;174md[38;2;194;174;200mO[38;2;203;174;210mO[38;2;187;155;195mk[38;2;22;20;22m [38;2;30;30;30m [38;2;0;0;0m          [0m
[0m[38;2;0;0;0m [38;2;1;1;2m [38;2;20;23;34m [38;2;52;58;79m.[38;2;146;153;180md[38;2;56;70;121m'[38;2;91;92;145m;[38;2;114;109;141mc[38;2;231;128;177mx[38;2;203;83;139ml[38;2;158;92;160mc[38;2;119;80;150m:[38;2;126;101;163mc[38;2;86;86;145m;[38;2;60;73;121m'[38;2;59;74;124m'[38;2;94;104;137m:[38;2;26;28;38m.[38;2;12;12;12m [38;2;0;0;0m    [38;2;98;86;102m;[38;2;211;185;217m0[38;2;219;181;214m0[38;2;224;206;228mK[38;2;211;187;218m0[38;2;185;161;191mk[38;2;167;141;174md[38;2;157;131;164mo[38;2;148;124;154mo[38;2;166;142;173md[38;2;176;151;182mx[38;2;174;148;181mx[38;2;140;120;146ml[38;2;129;109;134mc[38;2;75;87;131m;[38;2;141;66;115m;[38;2;135;75;109m;[38;2;88;57;112m'[38;2;77;65;128m,[38;2;93;85;123m;[38;2;143;120;154ml[38;2;178;149;188mx[38;2;193;160;202mk[38;2;81;68;84m'[38;2;71;71;71m [38;2;11;11;11m [38;2;0;0;0m           [0m
[0m[38;2;0;0;0m [38;2;4;5;9m [38;2;18;21;30m [38;2;103;109;130m:[38;2;62;76;124m,[38;2;85;98;146m:[38;2;92;86;129m;[38;2;198;164;190mk[38;2;212;100;153mo[38;2;186;71;140mc[38;2;139;113;163ml[38;2;123;76;160m:[38;2;88;90;142m;[38;2;73;76;140m,[38;2;52;65;110m'[38;2;69;81;126m,[38;2;43;49;69m.[38;2;3;4;6m [38;2;0;0;0m     [38;2;28;23;29m [38;2;200;170;208mO[38;2;217;195;222mK[38;2;217;196;223mK[38;2;209;183;216m0[38;2;200;170;208mO[38;2;167;141;174md[38;2;174;147;181mx[38;2;189;158;197mk[38;2;199;168;207mO[38;2;201;171;209mO[38;2;206;178;213mO[38;2;211;190;217m0[38;2;155;134;161mo[38;2;77;84;120m,[38;2;79;65;120m,[38;2;153;73;115m:[38;2;130;104;127mc[38;2;167;137;177md[38;2;167;137;176md[38;2;151;124;158mo[38;2;5;4;5m [38;2;82;82;82m [38;2;30;30;30m [38;2;0;0;0m             [0m
[0m[38;2;0;0;0m [38;2;9;10;15m [38;2;49;53;73m.[38;2;76;87;122m;[38;2;46;62;117m.[38;2;87;97;143m:[38;2;90;84;107m;[38;2;212;155;190mk[38;2;203;85;139ml[38;2;161;74;152m:[38;2;156;132;175mo[38;2;120;83;153m:[38;2;80;90;145m;[38;2;65;73;132m,[38;2;56;70;119m'[38;2;49;61;105m.[38;2;28;32;44m.[38;2;21;21;21m [38;2;0;0;0m    [38;2;3;3;3m [38;2;83;73;85m,[38;2;168;140;176md[38;2;213;189;219m0[38;2;211;186;217m0[38;2;197;165;206mk[38;2;163;135;170md[38;2;181;150;189mx[38;2;200;169;208mO[38;2;99;87;102m;[38;2;75;75;75m [38;2;111;111;111m [38;2;146;146;146m [38;2;164;138;170md[38;2;208;183;214m0[38;2;117;113;132mc[38;2;45;57;105m.[38;2;119;100;131m:[38;2;173;145;180mx[38;2;168;138;176md[38;2;141;122;146ml[38;2;1;1;1m [38;2;8;8;8m [38;2;0;0;0m               [0m
[0m[38;2;0;0;0m [38;2;13;14;17m [38;2;96;100;113m:[38;2;76;88;132m;[38;2;75;89;136m;[38;2;68;64;99m'[38;2;96;98;118m:[38;2;204;123;169md[38;2;209;84;141ml[38;2;141;68;140m;[38;2;178;155;197mx[38;2;123;89;155m:[38;2;79;85;143m;[38;2;57;69;126m'[38;2;51;65;112m'[38;2;34;43;77m.[38;2;23;27;43m [38;2;14;14;14m [38;2;0;0;0m   [38;2;1;1;1m [38;2;123;107;126mc[38;2;200;175;206mO[38;2;205;181;211m0[38;2;210;185;216m0[38;2;198;165;206mO[38;2;160;132;168mo[38;2;177;147;185mx[38;2;201;171;209mO[38;2;159;135;166md[38;2;72;72;72m [38;2;0;0;0m  [38;2;22;21;22m [38;2;189;159;196mk[38;2;213;190;219m0[38;2;171;162;174mx[38;2;118;101;127m:[38;2;199;171;207mO[38;2;175;149;181mx[38;2;200;169;208mO[38;2;154;132;160mo[38;2;2;1;2m [38;2;0;0;0m                [0m
[0m[38;2;53;53;53m [38;2;17;17;18m [38;2;93;98;114m:[38;2;75;88;133m;[38;2;61;75;123m,[38;2;44;40;60m.[38;2;99;102;114m:[38;2;197;108;157mo[38;2;209;84;142ml[38;2;144;69;134m:[38;2;185;162;205mk[38;2;137;105;164mc[38;2;74;76;139m,[38;2;59;73;126m'[38;2;44;57;102m.[38;2;31;41;74m.[38;2;22;27;44m [38;2;13;13;13m [38;2;0;0;0m  [38;2;2;2;2m [38;2;87;70;91m,[38;2;197;170;204mO[38;2;218;197;224mK[38;2;209;183;216m0[38;2;200;168;208mO[38;2;181;149;190mx[38;2;161;134;168md[38;2;195;161;204mk[38;2;198;166;206mO[38;2;43;38;44m.[38;2;17;17;17m [38;2;0;0;0m [38;2;0;0;0m [38;2;95;83;98m,[38;2;199;168;207mO[38;2;218;198;224mK[38;2;227;211;231mX[38;2;207;180;214m0[38;2;188;161;195mk[38;2;179;150;186mx[38;2;199;167;207mO[38;2;161;136;168md[38;2;21;18;23m [38;2;0;0;0m                [0m
[0m[38;2;67;67;67m [38;2;14;14;14m [38;2;74;76;81m'[38;2;78;90;132m;[38;2;52;63;102m'[38;2;21;25;41m [38;2;103;99;112m;[38;2;196;107;154mo[38;2;196;84;142ml[38;2;151;65;132m:[38;2;177;152;199mx[38;2;156;128;178mo[38;2;93;81;149m;[38;2;65;77;127m,[38;2;42;55;100m.[38;2;35;46;84m.[38;2;28;35;58m.[38;2;12;12;12m [38;2;0;0;0m  [38;2;19;15;19m [38;2;155;129;162mo[38;2;211;187;218m0[38;2;217;195;223mK[38;2;203;174;211mO[38;2;195;161;204mk[38;2;123;101;129mc[38;2;195;162;204mk[38;2;197;164;205mk[38;2;185;158;192mk[38;2;4;4;4m [38;2;0;0;0m  [38;2;5;4;5m [38;2;159;133;166mo[38;2;202;172;210mO[38;2;221;202;226mK[38;2;233;220;236mX[38;2;204;175;212mO[38;2;187;159;194mk[38;2;172;142;180md[38;2;198;166;206mO[38;2;195;165;203mk[38;2;77;63;80m'[38;2;0;0;0m                [0m
[0m[38;2;0;0;0m [38;2;2;2;2m [38;2;33;33;33m.[38;2;123;129;149ml[38;2;54;62;92m.[38;2;9;10;15m [38;2;82;82;92m,[38;2;188;117;158mo[38;2;167;82;136mc[38;2;162;61;124m;[38;2;161;133;188md[38;2;164;143;182md[38;2;104;74;152m;[38;2;75;82;131m,[38;2;57;70;118m'[38;2;55;66;103m'[38;2;38;45;71m.[38;2;3;4;6m [38;2;0;0;0m  [38;2;66;54;69m.[38;2;197;167;205mO[38;2;216;194;222mK[38;2;215;192;221m0[38;2;201;170;209mO[38;2;194;159;203mk[38;2;110;91;115m:[38;2;197;163;205mk[38;2;198;165;206mO[38;2;158;135;164md[38;2;8;7;8m [38;2;0;0;0m  [38;2;26;21;27m [38;2;184;151;193mx[38;2;209;183;216m0[38;2;223;205;228mK[38;2;233;220;236mX[38;2;205;177;212mO[38;2;199;168;207mO[38;2;156;130;163mo[38;2;197;164;205mk[38;2;199;168;207mO[38;2;145;120;152ml[38;2;12;10;13m [38;2;0;0;0m               [0m
[0m[38;2;0;0;0m [38;2;22;22;22m [38;2;36;36;36m [38;2;6;6;7m [38;2;62;69;94m'[38;2;3;4;6m [38;2;37;39;49m.[38;2;160;122;159mo[38;2;150;87;137mc[38;2;183;65;124m:[38;2;146;112;171ml[38;2;144;123;165mo[38;2;117;75;154m;[38;2;75;70;130m,[38;2;105;117;158mc[38;2;63;69;94m'[38;2;51;62;98m.[38;2;17;21;34m [38;2;2;2;2m [38;2;15;15;15m [38;2;124;102;130mc[38;2;203;174;211mO[38;2;218;197;224mK[38;2;214;191;221m0[38;2;200;169;208mO[38;2;194;160;203mk[38;2;122;101;127m:[38;2;197;164;205mk[38;2;196;163;205mk[38;2;183;152;191mx[38;2;37;31;38m.[38;2;0;0;0m  [38;2;52;43;54m.[38;2;193;158;202mk[38;2;213;188;219m0[38;2;224;206;228mK[38;2;233;221;236mN[38;2;212;188;218m0[38;2;195;161;203mk[38;2;160;137;166md[38;2;196;163;204mk[38;2;197;165;206mk[38;2;192;162;199mk[38;2;109;89;114m;[38;2;6;6;6m [38;2;0;0;0m              [0m
[0m[38;2;0;0;0m   [38;2;6;6;6m [38;2;66;66;66m [38;2;82;82;82m [38;2;9;10;15m [38;2;95;94;115m;[38;2;123;67;116m;[38;2;210;84;148ml[38;2;120;67;130m;[38;2;99;79;123m;[38;2;152;126;175mo[38;2;94;56;143m,[38;2;125;131;162ml[38;2;102;110;138mc[38;2;61;69;99m'[38;2;65;71;94m'[38;2;4;5;9m [38;2;3;3;3m [38;2;146;122;152ml[38;2;206;179;214mO[38;2;218;197;224mK[38;2;214;191;220m0[38;2;201;170;209mO[38;2;196;163;205mk[38;2;133;110;139mc[38;2;195;161;203mk[38;2;197;165;206mk[38;2;198;166;206mO[38;2;148;131;152mo[38;2;8;8;8m [38;2;0;0;0m [38;2;57;47;60m.[38;2;193;158;202mk[38;2;210;184;216m0[38;2;223;204;227mK[38;2;233;221;236mN[38;2;224;206;228mK[38;2;196;162;204mk[38;2;169;145;175md[38;2;186;153;194mx[38;2;197;165;206mk[38;2;199;168;207mO[38;2;170;142;177md[38;2;46;38;49m.[38;2;0;0;0m              [0m
[0m[38;2;0;0;0m    [38;2;0;0;0m [38;2;11;11;11m [38;2;16;16;16m [38;2;99;99;99m [38;2;103;61;93m'[38;2;127;69;122m;[38;2;167;83;139mc[38;2;86;74;110m,[38;2;124;105;143mc[38;2;123;82;156m:[38;2;91;66;141m,[38;2;114;119;140ml[38;2;108;113;130mc[38;2;53;64;101m.[38;2;45;49;63m.[38;2;3;3;4m [38;2;172;144;179mx[38;2;207;180;214m0[38;2;218;197;224mK[38;2;215;192;221m0[38;2;205;177;212mO[38;2;198;166;206mO[38;2;166;138;173md[38;2;152;127;158mo[38;2;196;163;205mk[38;2;198;166;206mO[38;2;198;166;206mO[38;2;132;124;134ml[38;2;12;12;12m [38;2;33;27;34m.[38;2;193;158;202mk[38;2;208;182;215m0[38;2;219;199;224mK[38;2;233;220;236mX[38;2;232;218;235mX[38;2;206;178;213mO[38;2;199;167;207mO[38;2;155;129;161mo[38;2;204;176;211mO[38;2;199;168;208mO[38;2;199;167;207mO[38;2;152;130;157mo[38;2;44;44;44m [38;2;0;0;0m             [0m
[0m[38;2;0;0;0m       [38;2;2;2;2m [38;2;50;50;50m [38;2;26;16;23m [38;2;70;47;68m.[38;2;140;131;157mo[38;2;95;89;107m;[38;2;141;121;161ml[38;2;108;62;148m,[38;2;96;72;137m;[38;2;65;69;85m'[38;2;109;114;128mc[38;2;45;52;77m.[38;2;38;38;48m.[38;2;96;80;100m;[38;2;211;186;217m0[38;2;213;189;219m0[38;2;213;189;219m0[38;2;206;179;213mO[38;2;199;167;207mO[38;2;193;158;202mk[38;2;128;114;132mc[38;2;79;79;79m [38;2;54;54;54m [38;2;50;50;50m [38;2;53;53;53m [38;2;7;7;7m [38;2;76;76;76m [38;2;160;131;167mo[38;2;208;181;215m0[38;2;214;191;220m0[38;2;232;218;235mX[38;2;233;220;236mX[38;2;224;207;229mX[38;2;217;196;223mK[38;2;197;168;204mO[38;2;170;152;175mx[38;2;19;16;19m [38;2;81;81;81m [38;2;61;61;61m [38;2;5;5;5m [38;2;0;0;0m             [0m
[0m[38;2;0;0;0m        [38;2;0;0;0m [38;2;40;40;40m [38;2;21;21;21m [38;2;43;43;43m [38;2;94;94;94m [38;2;51;49;53m.[38;2;93;93;93m [38;2;47;31;64m.[38;2;99;89;131m;[38;2;85;88;98m;[38;2;27;28;30m [38;2;3;3;3m [38;2;94;94;94m [38;2;53;53;53m [38;2;52;52;52m [38;2;53;53;53m [38;2;55;55;55m [38;2;62;62;62m [38;2;51;51;51m [38;2;59;59;59m [38;2;12;12;12m [38;2;0;0;0m    [38;2;0;0;0m [38;2;94;94;94m [38;2;131;131;131m [38;2;120;120;120m [38;2;125;125;125m [38;2;135;135;135m [38;2;115;115;115m [38;2;102;102;102m [38;2;96;96;96m [38;2;79;79;79m [38;2;27;27;27m [38;2;0;0;0m                [0m
[0m[38;2;0;0;0m             [38;2;120;120;120m [38;2;87;87;87m [38;2;31;31;31m [38;2;41;41;41m [38;2;29;29;29m [38;2;35;35;35m [38;2;32;32;32m [38;2;6;6;6m [38;2;0;0;0m              [38;2;6;6;6m [38;2;0;0;0m [38;2;0;0;0m [38;2;18;18;18m [38;2;0;0;0m                     [0m
