[0m[38;2;0;0;0m                       [38;2;5;5;5m [38;2;11;12;16m [38;2;124;117;126mc[38;2;11;11;11m [38;2;5;5;5m [38;2;0;0;0m       [0m
[0m[38;2;0;0;0m                     [38;2;1;1;2m [38;2;56;62;83m.[38;2;80;92;131m;[38;2;91;101;135m:[38;2;155;137;165md[38;2;133;131;157mo[38;2;94;92;130m;[38;2;83;80;97m,[38;2;24;22;25m [38;2;21;21;21m [38;2;4;4;4m [38;2;0;0;0m   [0m
[0m[38;2;0;0;0m                    [38;2;3;3;3m [38;2;4;4;7m [38;2;33;41;69m.[38;2;47;56;90m.[38;2;79;92;139m;[38;2;95;76;122m;[38;2;129;88;143m:[38;2;145;84;142m:[38;2;164;98;153ml[38;2;155;106;147ml[38;2;133;110;126mc[38;2;19;19;19m [38;2;33;33;33m [38;2;0;0;0m [38;2;0;0;0m [0m
[0m[38;2;0;0;0m                     [38;2;3;3;3m [38;2;58;58;59m.[38;2;79;78;89m,[38;2;141;128;165mo[38;2;127;91;145m:[38;2;163;80;132mc[38;2;178;98;149ml[38;2;96;99;147m:[38;2;89;102;146m:[38;2;80;93;140m;[38;2;92;100;127m:[38;2;58;59;65m.[38;2;26;26;26m [38;2;0;0;0m [0m
[0m[38;2;0;0;0m                     [38;2;39;39;39m.[38;2;151;147;155md[38;2;171;161;175mx[38;2;218;197;224mK[38;2;178;160;183mx[38;2;61;57;63m.[38;2;139;138;143mo[38;2;64;69;98m'[38;2;96;106;149m:[38;2;72;84;131m,[38;2;102;107;145m:[38;2;147;141;162md[38;2;152;141;155md[38;2;98;93;99m;[0m
[0m[38;2;0;0;0m        [38;2;0;0;0m [38;2;2;2;5m [38;2;3;4;8m [38;2;1;1;2m [38;2;0;0;0m        [38;2;19;19;19m [38;2;109;99;111m:[38;2;206;193;209m0[38;2;223;208;226mX[38;2;229;214;233mX[38;2;207;196;209m0[38;2;192;185;195mO[38;2;211;207;215mK[38;2;149;142;154md[38;2;69;70;97m'[38;2;152;141;172md[38;2;217;196;223mK[38;2;211;190;217m0[38;2;179;158;184mk[38;2;67;67;67m [0m
[0m[38;2;0;0;0m     [38;2;2;2;4m [38;2;25;31;55m.[38;2;57;66;100m'[38;2;84;95;135m;[38;2;97;91;135m;[38;2;105;88;132m;[38;2;109;90;136m:[38;2;83;82;119m,[38;2;42;48;68m.[38;2;3;3;3m [38;2;0;0;0m      [38;2;4;4;4m [38;2;151;101;128mc[38;2;226;212;229mX[38;2;233;220;236mX[38;2;234;218;236mX[38;2;235;206;232mX[38;2;221;189;218m0[38;2;221;198;224mK[38;2;194;173;200mO[38;2;211;188;217m0[38;2;134;119;142ml[38;2;100;100;100m [38;2;38;38;38m [38;2;0;0;0m [0m
[0m[38;2;0;0;0m   [38;2;1;1;3m [38;2;32;40;69m.[38;2;92;104;143m:[38;2;121;129;163ml[38;2;142;109;153ml[38;2;172;87;141mc[38;2;170;82;148mc[38;2;147;77;147m:[38;2;128;69;140m;[38;2;143;72;140m:[38;2;120;71;133m;[38;2;152;144;163md[38;2;101;94;102m;[38;2;39;38;40m.[38;2;47;46;47m.[38;2;158;148;160md[38;2;158;144;161md[38;2;95;89;97m;[38;2;13;13;13m [38;2;20;18;20m [38;2;161;137;167md[38;2;178;157;189mx[38;2;207;181;213m0[38;2;213;189;219m0[38;2;212;189;219m0[38;2;212;187;218m0[38;2;206;179;214mO[38;2;151;132;168mo[38;2;55;55;55m [38;2;0;0;0m   [0m
[0m[38;2;0;0;0m [38;2;0;0;0m [38;2;7;9;14m [38;2;67;76;110m'[38;2;118;127;160ml[38;2;115;110;150mc[38;2;190;111;158mo[38;2;176;80;146mc[38;2;109;70;145m;[38;2;78;66;133m,[38;2;62;73;127m,[38;2;58;68;109m'[38;2;66;66;66m [38;2;3;3;4m [38;2;143;129;148mo[38;2;195;171;201mO[38;2;197;177;202mO[38;2;195;177;200mO[38;2;201;182;206mO[38;2;211;195;214m0[38;2;200;180;205mO[38;2;160;148;163md[38;2;99;82;105m;[38;2;99;73;127m;[38;2;102;93;127m:[38;2;208;182;215m0[38;2;215;192;221m0[38;2;218;196;224mK[38;2;211;186;218m0[38;2;80;68;84m'[38;2;55;55;55m [38;2;2;2;2m [38;2;0;0;0m   [0m
[0m[38;2;0;0;0m [38;2;5;7;12m [38;2;58;64;86m'[38;2;116;125;157ml[38;2;93;94;143m:[38;2;202;125;168md[38;2;177;78;144mc[38;2;120;84;154m:[38;2;99;96;152m:[38;2;51;65;119m'[38;2;46;55;83m.[38;2;38;38;38m [38;2;0;0;0m [38;2;32;29;32m.[38;2;209;154;192mk[38;2;166;140;170md[38;2;183;159;189mk[38;2;197;178;202mO[38;2;205;186;210m0[38;2;233;220;236mX[38;2;206;191;210m0[38;2;138;126;154ml[38;2;120;63;111m,[38;2;99;81;145m;[38;2;63;66;97m'[38;2;168;152;179mx[38;2;216;195;222mK[38;2;206;178;213mO[38;2;49;42;51m.[38;2;26;26;26m [38;2;0;0;0m     [0m
[0m[38;2;2;2;2m [38;2;23;27;41m [38;2;111;119;146mc[38;2;80;88;138m;[38;2;153;121;158mo[38;2;205;86;147ml[38;2;133;90;157mc[38;2;107;94;154m:[38;2;61;72;123m'[38;2;69;80;117m,[38;2;3;3;4m [38;2;0;0;0m  [38;2;25;22;26m [38;2;216;177;211m0[38;2;219;195;222mK[38;2;182;158;188mk[38;2;170;142;177md[38;2;176;151;182mx[38;2;191;167;197mk[38;2;172;151;178mx[38;2;110;103;135m:[38;2;128;68;116m;[38;2;105;69;115m,[38;2;99;86;131m;[38;2;145;122;159ml[38;2;96;81;100m,[38;2;91;91;91m [38;2;10;10;10m [38;2;0;0;0m      [0m
[0m[38;2;12;12;12m [38;2;54;60;80m.[38;2;66;80;128m,[38;2;82;83;119m,[38;2;209;137;178mx[38;2;166;80;143mc[38;2;137;103;165mc[38;2;78;84;142m;[38;2;52;66;115m'[38;2;36;42;62m.[38;2;10;10;10m [38;2;0;0;0m  [38;2;47;41;49m.[38;2;191;163;198mk[38;2;211;186;217m0[38;2;181;151;189mx[38;2;181;153;189mx[38;2;61;52;63m.[38;2;126;126;126m [38;2;107;92;110m;[38;2;163;147;171md[38;2;72;68;114m'[38;2;151;120;152ml[38;2;173;144;180mx[38;2;6;6;7m [38;2;20;20;20m [38;2;0;0;0m        [0m
[0m[38;2;3;3;3m [38;2;87;92;111m;[38;2;66;80;127m,[38;2;63;60;81m.[38;2;208;119;166md[38;2;168;88;147mc[38;2;148;117;175ml[38;2;67;74;134m,[38;2;50;64;112m'[38;2;27;32;50m.[38;2;0;0;0m  [38;2;32;27;34m [38;2;196;173;202mO[38;2;208;182;215m0[38;2;183;153;191mx[38;2;180;149;188mx[38;2;134;115;140ml[38;2;36;36;36m [38;2;6;6;6m [38;2;160;137;165md[38;2;214;196;219mK[38;2;172;148;179mx[38;2;184;158;191mk[38;2;186;157;193mk[38;2;8;7;8m [38;2;0;0;0m         [0m
[0m[38;2;56;56;56m [38;2;81;82;87m,[38;2;60;70;105m'[38;2;43;45;64m.[38;2;192;114;160mo[38;2;172;82;142mc[38;2;161;134;185md[38;2;75;71;134m,[38;2;61;75;122m,[38;2;32;40;68m.[38;2;4;4;4m [38;2;13;13;13m [38;2;158;132;165mo[38;2;216;194;222mK[38;2;200;169;208mO[38;2;156;129;163mo[38;2;196;163;205mk[38;2;64;55;66m.[38;2;0;0;0m [38;2;15;13;16m [38;2;198;167;206mO[38;2;226;210;230mX[38;2;207;180;214m0[38;2;177;148;184mx[38;2;199;168;207mO[38;2;54;44;56m.[38;2;0;0;0m         [0m
[0m[38;2;14;14;14m [38;2;70;70;70m [38;2;39;42;55m.[38;2;15;17;24m [38;2;153;107;145ml[38;2;166;70;132m:[38;2;152;128;174mo[38;2;99;72;145m;[38;2;84;96;137m;[38;2;57;66;96m.[38;2;5;6;9m [38;2;15;13;16m [38;2;194;166;201mk[38;2;216;194;222mK[38;2;198;166;206mO[38;2;156;129;162mo[38;2;195;162;204mk[38;2;118;99;123mc[38;2;0;0;0m [38;2;41;34;43m.[38;2;204;176;212mO[38;2;228;212;232mX[38;2;211;186;217m0[38;2;174;147;181mx[38;2;197;164;205mk[38;2;165;138;172md[38;2;7;6;7m [38;2;0;0;0m        [0m
[0m[38;2;0;0;0m  [38;2;23;23;23m [38;2;36;36;36m [38;2;26;21;27m [38;2;148;70;124m:[38;2;108;76;124m;[38;2;129;99;156mc[38;2;111;99;152m:[38;2;90;97;121m;[38;2;53;59;83m.[38;2;32;30;36m.[38;2;206;178;213mO[38;2;216;194;222mK[38;2;201;171;209mO[38;2;157;131;164mo[38;2;196;163;204mk[38;2;191;161;198mk[38;2;48;46;49m.[38;2;36;29;37m.[38;2;203;173;210mO[38;2;226;209;230mX[38;2;224;206;228mK[38;2;188;158;195mk[38;2;186;156;194mk[38;2;199;168;208mO[38;2;108;91;112m:[38;2;4;4;4m [38;2;0;0;0m       [0m
[0m[38;2;0;0;0m    [38;2;7;7;7m [38;2;69;69;69m [38;2;94;94;94m [38;2;26;25;28m [38;2;95;64;125m,[38;2;96;87;126m;[38;2;76;81;97m,[38;2;48;46;55m.[38;2;146;146;146m [38;2;153;153;153m [38;2;149;149;149m [38;2;141;141;141m [38;2;64;64;64m [38;2;35;35;35m [38;2;27;27;27m [38;2;50;50;50m [38;2;122;103;127mc[38;2;202;179;207mO[38;2;205;187;209m0[38;2;190;166;195mk[38;2;116;101;120m:[38;2;78;78;78m [38;2;39;39;39m [38;2;0;0;0m        [0m
[0m[38;2;0;0;0m      [38;2;0;0;0m [38;2;65;65;65m [38;2;90;90;90m [38;2;56;56;56m [38;2;64;64;64m [38;2;60;60;60m [38;2;0;0;0m [38;2;0;0;0m  [38;2;1;1;1m [38;2;0;0;0m    [38;2;40;40;40m [38;2;21;21;21m [38;2;43;43;43m [38;2;25;25;25m [38;2;22;22;22m [38;2;0;0;0m          [0m
